6117506
308260700
954792483
341317949
124803694
438247155
796933070
944479849
254624850
991895720
998549497
855418748
612953201
96394013
744546295
123551367
596171426
629308239
465349257
214192424
234987108
576524191
783973199
235296740
575430678
935137938
831715565
798806008
60358566
368581466
980032761
626504224
588700182
96116090
392744909
564345251
940833728
87414283
766631433
865152612
488476382
657561050
645966820
144168701
40601837
655746872
209895093
348455875
706482915
9766776
519296914
863227259
370536521
132198497
107829310
531286332
59617041
426642768
87084941
631939979
334768550
34665930
671694554
114747812
831520544
271681474
25306607
622406987
550090529
735649857
618919100
138275220
29219204
633851539
751990715
222025845
873216060
765666346
79933288
874476232
381806202
451828024
870350491
954160114
913908690
715894880
366599656
10957374
316548427
580525907
11374065
721898195
845211685
217623607
93666391
857173640
433508320
537979323
740982490
76778930
683805642
956492369
969876988
730910035
544351747
93122933
656289293
726243733
634187061
497592486
987703648
53866012
228199133
494418471
884689114
503048688
98016174
250228195
78130337
9021724
537161224
181472851
580977018
249186274
917113957
315218272
44279023
481333872
961000261
937696264
27316447
644554518
1529234
787221263
227455385
552336149
882427919
952066676
901224457
490967664
906401927
667450439
432821990
85352511
140223480
952594143
515009627
422758982
520256027
328276387
16042288
870932031
167710107
414723016
102492801
93949647
934484532
16156985
259724919
794667475
578321146
762786182
153678398
79483024
283483597
622558855
547811501
271686154
682265441
469010927
535650156
509118066
727535086
335563963
882670875
908507576
58316308
192384294
947607148
498761916
152915975
776366824
766487239
322058224
562220356
674156887
387070908
646892341
542254778
841510679
94712470
607612878
61676033
50338490
27559838
120510213
625428336
971468650
132434117
668703836
144768366
90373334
660029753
379758552
80699797
230401495
63647474
828227850
145159909
569920931
731694025
213338385
854545019
570588520
348425316
624114848
222434140
657380020
22395897
268016033
31179127
942999952
467799025
368480942
155247902
326656778
157207257
586372257
482445882
552770249
993856216
938238903
223080773
778905802
219488218
464368249
34603542
144551004
243274366
222647326
689673935
966191919
43271245
201767664
375142546
456177496
927017363
789582490
729722488
227350911
769598390
395261831
484192379
247254217
962955261
43195017
780049574
877044268
978312055
225763152
633101290
156166224
283396584
803651303
525034157
863586467
103570425
450688360
219333122
311473783
171560070
319927634
339405596
736398431
417155470
907010531
515354604
282287309
793835465
780681526
11807011
571640807
478634747
979448314
42868335
599192666
503973745
817268157
104154327
398019596
13031762
503192851
634525743
413625721
598923329
470200971
548656276
483971695
39573506
804894141
60733977
797370517
971843454
863201500
456834165
401939770
744495014
225761512
939984306
703775459
158053085
928359
476279454
941025841
873140151
269868891
804167407
290631043
151756928
446381184
160750335
44802989
11960798
974553976
582188603
220156325
447348594
597298926
856938109
572118127
417701494
140660982
409103788
867415350
37418303
169651822
171214304
862697067
832926551
375217374
711939945
621823867
879686286
696901032
218276738
178434451
334428092
973482767
195890320
268557893
927509828
985126540
218721519
595351090
347712723
267357193
447862932
845362860
935267754
741554901
677798389
254111329
13953584
90972286
380419420
844285167
708102137
320869777
990372952
908865303
411042186
24506525
507029678
592810894
935844587
233769899
880677151
297286401
212765835
427351155
518553466
603030744
179172368
672099689
471752641
345608096
529019410
827899379
129901268
786820598
343021407
438492197
621284628
796192367
153152290
325120678
754748104
473414713
769896924
498113239
94893700
778238615
471758835
515762069
154932673
86830854
722261853
383875447
817885186
373457258
137887480
602774632
830123322
423811763
393758582
213094219
358225714
972602819
688829707
517743862
178698463
861963597
919873257
912515907
767612213
834471106
885085936
157465687
561837604
786682513
649782108
319532652
732009424
626815848
702149771
296119361
993007570
865089737
192549918
262007367
750483550
155705270
871554634
154186229
715504317
756625568
74726702
690510515
264870856
657282320
535398532
650786720
101976501
798298487
639836537
142587618
110465266
39138359
898146405
249727436
438623238
901707563
549980958
90375152
744202967
804374617
549314427
532112157
5500371
305724766
780164907
432732743
53997293
113471540
611688431
780039957
966330755
926506074
779928256
867582234
480475070
263180465
752700174
2814892
776178987
674359530
829986674
990338247
121953323
452560138
168066101
265827633
818162716
362908662
326038832
613121607
431892787
909866520
644034988
345046775
132089089
953890438
464135481
757081960
520914559
704211062
344385775
257787260
516955736
313658098
800326145
874840099
144680847
903795608
42952417
147896868
445041301
508866630
435319145
608585592
970679563
517130462
135108186
489545709
624998557
396522505
207472771
6361036
992293990
924459285
896354941
662505911
217745316
909838583
346887648
90368304
344583714
841397827
861516221
689904347
406878802
159860528
510866912
896918689
879369491
440306170
897730976
873349468
931701390
784150552
185541977
684740478
357613177
414108466
139537343
339181356
342301741
14016563
897284559
360103919
351879473
93803836
720004214
622402381
796614259
192031373
721332016
200242928
825530992
484883566
553180512
257714532
162257303
331324029
438451782
269157870
217624251
295814709
495346271
979464829
286109674
61136128
225389718
815353603
511795344
672653337
773650359
227310303
856808542
724212264
800514883
435159588
272777907
414666008
327405243
704993617
944912335
242548925
846007069
788010997
564642661
384709883
507051871
365218776
690400000
1522021
604129273
591988880
526912007
624718790
818844929
555735735
204852385
474667193
728185769
325430079
731601420
564481237
34842695
214483860
33247387
703219621
155864412
165734199
676283588
322057353
622823347
226475335
336620209
340410520
98448409
573002434
658782252
686128554
402497276
680577851
649735367
975065102
614850216
441873205
775267853
808143799
868762940
59153816
532425222
986545898
871023962
296162421
147648109
706154657
587054088
905306021
560322324
794099678
356894513
618190202
489622142
891613229
233552003
960888822
548772218
323198729
229974944
188227168
715782784
893872062
901631282
152425320
326401060
860070315
964421082
539063141
381033241
910626371
379479849
472970439
571956943
842952570
130180256
722430327
46137052
583895306
942146328
646903750
348462237
928115163
608830551
809929184
237752961
16141021
368516295
688705447
919620977
358500807
93147764
357793163
399377577
359565052
824327468
437082842
233324805
924368803
677579977
667837928
697423221
942890695
635515019
742959749
443337198
528496866
893097767
263313503
614368563
836110801
950107933
511836440
544574009
806186221
935752920
359289152
514113408
980391870
296431350
429874195
985022171
355013042
172001970
594900776
188446371
730358092
934043557
799948245
351276653
441879476
64923870
782507544
34695568
210588877
183922049
184564849
907691693
677681612
526907729
490778598
732366322
280114355
699624674
57784495
985847527
310451341
57965091
724169233
230246078
596247781
270815186
106029877
185316498
715021576
533314307
270682571
244616862
941636808
602994940
524933458
672948182
602816746
154473477
556041869
824465181
659845787
393662462
826785718
355775563
426950271
722063551
960145065
716446915
717178407
734674837
658359444
548736762
131128596
958449634
813821943
695781480
392525497
972180950
124913195
779520839
476557409
591721125
882137880
197939831
934508085
643821185
452255218
686107042
508847906
624261923
75522039
321658953
206945509
720562787
48439172
672012535
706759085
295555000
259290925
16668081
10556753
664744707
714367178
130222410
428949152
189424289
520169662
860190157
584923265
563474780
910295190
534323177
199030607
89337290
936495790
874306851
513609574
556316136
624812872
438628999
972249678
361625067
685687488
408463522
560951628
114711698
295613441
884908754
422919487
719639948
417438075
967126688
682946890
290643013
635728643
162361500
233149078
81820323
900137693
978902298
670456449
254784478
771247932
44866072
852548418
348246905
991565232
918499497
884905060
802885775
207708190
308274522
560040589
949471412
744122717
662673062
991650963
630785012
158079030
785665540
17861481
20914328
490926760
788539283
979008729
988197441
780460818
332358712
73578862
312650815
201937695
302637910
943114592
762412004
539440094
693687490
412736361
487458727
196993037
727836675
130156301
63079226
631282371
955770080
841940664
687127590
389769703
979041544
413334176
516165473
695693012
976149791
486396664
151970843
644952378
563871455
427643405
703755893
88059878
432507998
41714297
269781765
733972268
465685880
480731633
628890390
886164621
476774088
833387247
808397106
208984466
235684290
909619909
686995033
514104007
265175801
97379624
119539531
620692152
795694495
357136912
66240601
675859843
19740272
592116868
697797779
593496663
905102241
583987117
903528661
437737690
952459323
317979828
343750126
7669535
675485443
35307527
940045307
428032397
542189553
697087554
126829886
708460999
230096470
670998273
570968531
552392177
420506834
307105193
715315389
64456253
803282315
352746477
305501690
18271938
261184067
849706029
990296776
314364434
108963748
754508179
684922433
820894643
119516783
417269336
384227310
732987790
607190841
473529393
300848320
58605296
735471203
203833932
710412834
858584051
372928078
88082218
656030966
712136877
779791055
26637171
234079378
939003216
165710100
56207632
229812291
125034888
90066047
878653156
714720666
184640386
360131997
631577307
451912935
645926313
986083681
127626148
981121944
326191085
782724554
121591077
990167630
686619067
896486661
629997725
695314622
470077701
37950487
623388725
181380207
177966695
118548120
26365171
21179937
631868022
73629146
147046214
607887507
736670269
373764079
29258419
15244561
847799
999066212
539968267
785030774
473026585
92366588
171978859
307657144
721603306
390056613
137633383
729559748
208625101
726426831
47635842
588382711
827622294
947972521
411635328
399296510
894063144
389868075
226630778
579008260
53821788
261384636
77519577
540227712
60214722
940618575
345724892
165322595
416541483
873718227
659913430
818845069
7151552
331218712
11774737
186879271
875245259
722419623
817234017
673123091
736993350
155817252
900230492
715514303
315770839
706201017
137687377
930455529
884881330
549649248
464366704
254584301
238294951
873149868
628989965
105389006
851288037
863869358
480056872
437793641
823341570
26833938
265927153
960614043
130043306
857771103
703647932
29733523
711366564
27065501
821799353
671493087
478813659
539238151
368723198
79450102
460836948
550024393
608015054
855183070
592351196
378650519
720262885
539130218
637851521
92217831
73539941
729066982
313388274
912773804
23912059
142722703
155717899
617985584
928208360
114297588
934131149
363481734
773440776
533684570
916340725
848055140
739056081
321928314
280643033
163370309
446518148
164832995
809802589
153176359
881928457
611246954
475436056
833556099
827663694
635501034
475267827
364094731
507421588
849274623
669459822
126890396
749075852
984117050
733541477
816461088
217609747
739257136
28078717
462980050
330055477
246231423
87272150
642168280
955815077
628221336
191922315
822579601
454406447
105806156
411650559
540035806
161577313
144632012
926951418
276229077
654823621
565911960
990348576
353436733
849119863
100586347
532876079
625734164
44900304
612213010
329206656
246227691
959681192
546326688
641355995
314343158
286789209
143059416
242964241
113314676
39593903
428788285
762611712
434469161
953286507
55816279
752103975
629058710
321421244
381832442
677121858
257963551
169653525
57182205
754374576
176488946
838139407
634824289
570062756
238800726
60782550
545024262
377773691
133445660
338100449
763283156
30953051
635854632
28086048
449942314
314327918
792444322
740717167
753262441
879064426
787729758
546892925
770711895
292406963
718772592
298084391
104948666
975791029
214318105
29654395
85264303
522253014
119011656
541272682
161073815
736494373
405971199
332970540
847426165
506461686
61878819
156359869
268200874
462275850
683117478
962268117
94198908
246522749
403467192
153691832
765451424
804223778
334702098
986703617
668732176
140369806
999423998
764583107
412612878
500737592
689170744
203066410
468716800
589027860
902446242
828805391
109196855
365456080
900793222
987628145
204707213
739286935
997365973
351310901
289831608
786401492
948855640
397064363
199616193
618975727
789806226
132590211
151920111
450227993
34939992
709579270
217560271
478327424
81312784
533678113
660490283
802928041
38902085
17093829
870536150
79184733
493581812
999986908
156099066
247644448
449031129
666749403
149139482
690564032
342377844
545821494
948857677
129675963
343750470
984166082
774799883
834815766
193365879
433482471
305025505
695246898
283300606
617167842
252603423
971936625
93106875
484300829
994932669
398854328
572883491
45786493
120804229
145955063
165014915
510204732
948841103
864187925
752473266
200160644
563721724
529173167
177244846
610636252
572285871
524169437
158263241
817636052
777314650
613567684
969577917
560083458
948509206
668495472
528114454
64693584
548630051
776164970
263077020
388764878
667430190
240109732
656475108
425142206
425095885
117267496
746941413
228774509
671582248
492957832
655074833
369424223
158716783
803023275
851882110
73217082
934314916
947268284
499654881
6496616
775024635
967479910
412700745
271598460
779860745
443508725
415234561
587161919
521012613
377026897
503034421
357549430
8779085
623012844
95007888
82440300
738631380
577887395
487356107
525794595
702380127
559489426
169125279
256016681
793876282
714128783
63640193
619175096
958100233
2778279
655725394
251436139
384432315
339246925
667298052
472894575
126510587
671955999
165397882
942549112
602459112
4599378
914788601
693538706
342438195
332674706
476151625
249519287
382681288
41865013
706946014
830702839
21564040
990240885
525778595
597923542
199959833
796532948
531605445
676432332
247692402
563789731
374241207
261452141
404585883
61421878
587852678
83577309
352878302
992304215
328481938
474271831
111149704
562691581
836956539
509950952
111182491
781749550
229605200
461360588
154380569
929409916
938284875
668773752
473504690
43053147
190758375
299054993
623154004
527160991
620879053
361812391
978410221
688896095
278640022
1365789
539602577
499462561
934642877
895491448
571975471
212029802
280023542
720601830
772357905
223565157
455313791
16710900
668500624
108077827
306144828
23224424
118602471
45927102
169115615
926662746
22820562
445691722
789995468
100037668
797396665
954230530
121473584
204879513
466397140
515210633
107549830
850112733
832103505
537673484
569636115
384421232
991480134
595736111
72885935
835543062
473793043
924779334
280460734
580830309
876367573
37776300
140252308
944471304
93926783
34255191
453674410
114955002
602017237
201327548
55669785
94621138
123197142
333622352
385147736
855158488
393315606
325100198
586466372
576510370
18569361
635678419
179617619
969039643
422914222
600520579
622262476
979277617
860297815
962767072
542283139
762219063
117395200
243051607
649752248
519735754
928265548
901381962
727878427
698062107
179851794
410347616
511108680
424598258
558174799
46806038
61543175
654315650
735061172
711697339
387904444
108691578
416392247
651482051
948221726
605220375
198127415
613496534
374120438
153110092
368764281
268840366
186540687
367867120
517094819
639322566
415412881
98614618
334368760
130921521
444857775
89036492
134634956
832415252
863988772
88471223
956642942
897144717
417970827
772970759
458799835
785226425
881436523
979461529
603626864
680614043
743743675
685439254
736658190
530545941
58655329
657768386
359754453
150538444
679255148
26673394
416502483
600580649
17381242
812142147
531646784
425466890
367657218
994160775
88389409
679000199
473975229
684332005
340276896
348025143
312564682
702142640
931916284
486442916
404791894
850747738
513814964
861042720
258352321
295910976
804882043
271082882
193838900
141691773
836028196
329414678
991279478
535632063
603385182
249104920
952338242
706695113
199550476
672026382
479334248
954886466
510973532
716826818
515603535
237478146
741857594
691683025
608224236
440487710
219568422
620414391
933938702
970851824
758488537
770237454
453735558
164491908
107020419
702250280
776344063
917819416
672507667
318764374
902489770
852510737
844138752
853772901
242020026
787976930
417374106
917371823
872848199
141401222
53817037
83349763
792440988
688065173
807072515
201057710
184241351
570211411
951267629
804556167
797693231
299783666
890742589
837877465
196834914
307346732
138858109
810587021
436638078
92397455
641755779
124229861
771055087
399546577
388086014
454858802
611616716
391708930
32224526
314567877
232223427
818545718
697884349
984865365
840234405
653589387
464974450
257362029
763688147
704377144
581371241
76634542
772812928
424428292
281218493
729758968
746731737
539497941
745621595
265602333
353984118
29291638
501336898
544660332
440823949
342647955
787460595
55061252
437180568
487667123
927046642
854842167
261190679
380861854
677168714
557019025
899838560
843695176
573865366
500343552
139740673
92113097
861416830
171916802
308307369
129163281
45410027
209452247
663853240
944520566
584758919
606943148
334458546
642907440
824234195
146840240
691671863
661544357
912696514
412070145
590300919
981203522
958051862
796279843
592008006
7044602
841623140
605002671
77152338
294741737
925291030
232215292
173757229
792411492
694254810
919996973
428453133
776708439
210608226
472802803
243874065
678477722
447611507
828557855
411565383
20832003
248647284
30160155
10074888
475094444
613114745
682671594
666180868
166602826
673156268
943927300
893014785
695521726
98549957
992417762
151225498
543784593
379372988
518578212
699896545
769457187
250101985
724046084
657850859
696698770
749779689
846614854
22432141
878421272
691258742
196043342
386244862
80081464
10112350
336251183
116726009
216565215
313792387
428231192
320179363
296040313
395491986
537190597
598033283
686997834
777404140
447015323
462521952
57397267
83990141
210860042
472172877
417938074
171060824
793907221
727047028
731474320
836119330
304897525
635071068
556726636
462127139
844058125
520443376
637101124
774446944
640535738
20531900
253972872
317212625
573438960
446908980
376143166
600506183
748126796
84201266
129483641
39508665
541965980
341663511
184948206
564556863
996802081
873341730
662124750
724445816
123193587
631704944
778324015
378410400
742754696
868540004
548626557
885580425
650886045
181109628
727170565
839573632
491059216
165522007
541218219
29400017
592036472
761282239
655547106
329430904
943246843
659386872
105033831
602432804
932206453
346109625
47374137
855672806
528984116
232965552
908008424
771643983
39487230
616039446
615592957
995013272
373558320
322018740
431503890
506989567
400106596
792172135
646675436
569484824
686195933
168603681
956514846
644087627
636697622
568056945
148461406
333084014
176721487
585016646
151308476
958298680
690254342
967982508
218214249
435800790
236170022
279117483
947772753
804958534
671864598
878141381
556978056
784687455
587412690
101298893
747783048
775035040
921711426
795552107
351177320
724970593
559557362
251997741
555440734
898785299
950320481
410194777
844429444
546754314
626942690
507580811
94652368
94469093
146368746
270927999
943185160
762282178
338473877
587871435
639107662
991112896
751286398
529620637
122725031
607048087
287874336
204601505
771204326
647947523
449919192
33855466
141403883
961428989
151080431
231767584
929512188
741870888
750515121
833358152
199702700
216145817
366845467
336403630
850258579
355433543
480646233
744352681
141821595
313550261
368595222
334071881
541588260
357574310
10285163
561400831
159606584
141274552
283375851
818329367
569366955
349684647
141185005
429503613
957891438
941630613
236920053
643350012
81221108
942082915
462659362
293769867
58294146
79867640
150646286
600957041
458511036
896650756
942832722
915671069
64857094
224500237
939208272
209049405
197402847
751972692
558373149
842235547
593124568
963107604
21129050
240920169
149918694
57946487
476003135
427170578
937428780
668700792
952333412
989702716
624987773
331434567
235132099
181853090
767696695
825382198
292520831
499371286
125664241
753419452
568313095
638410926
691799444
777212640
11724355
214735751
351105906
393274435
462692875
606284320
201632696
463345848
106006521
558428608
322116712
195252441
331051984
750114120
685097391
652598523
200313536
11250258
869862631
696371317
709128588
154338232
297105040
913662719
126839103
26043882
624421746
340422731
75737175
803980805
244560670
825603852
816852033
724698028
654789239
164823573
572075987
833967281
587144292
446227528
613285221
993862131
990131375
453315951
358180307
534648136
972766493
612618243
636355206
30676316
560152381
70796937
194937076
495498994
919996394
470198529
789773819
708623228
757598179
106679655
10280358
926529845
489198004
754974750
526221054
454322947
162622117
457897860
856494242
261443704
885897189
816037211
377512034
526327792
348275932
326407336
430454991
325657481
342313677
394449066
785590548
68135365
294174940
787008613
975926643
734599396
429593668
921788646
567760578
576720024
193105174
938768721
717121794
851547609
725848502
603467273
69361999
593978040
492575269
299332858
50950829
864312809
979141690
318128000
169568765
512366053
127421877
825113083
894926128
368518165
10454549
675610606
455037639
585754179
864132489
713670544
258686935
191472543
724873052
27428318
282407063
391804776
811975199
715704898
323706313
226229786
766833248
709257633
593463019
401922852
197435889
228848131
893553857
960293242
966618630
291377306
805887248
820107461
886326056
639568561
371258896
202560152
192552973
795904668
764285911
329411557
683593318
566914560
356703766
660586278
479387356
850355774
329489331
221813369
768880974
352505554
895256470
732487084
49041719
138489228
632944863
245242608
691879567
945605507
90699729
514163033
380746135
292191072
812932990
892538243
817979277
137785574
741203965
22308245
781786622
937508047
974542611
939971332
643141807
621269308
513064153
515094672
407368423
390638581
119575593
775509763
203884012
438694704
912481707
255413583
120069578
406151604
483041844
197712057
267097865
628678076
392652663
397159422
878775684
651287988
338789093
955373265
122848358
482589260
372675983
370232644
908101074
492562085
287180832
863187724
188098586
246712637
933546724
597469165
882164720
381283783
871490622
150605539
445732932
65727749
952608163
37333784
544512903
793757446
795545346
485934140
214338027
406259409
206770945
117042505
190628624
670717364
472466874
508564860
17327979
334856149
367830839
742393451
324864392
36174154
866650230
528083469
410316981
821879334
451436100
881515236
528753503
739992805
659067924
729427037
767365405
209834116
324328707
596024418
104582172
324982577
346657166
764680234
36646330
820039296
920923732
777975827
193459319
880893595
77421384
137029723
658466336
863994548
290074558
326372282
649479429
1117134
685503322
607301358
845954100
704589872
490488389
919412593
312114250
871839194
944968675
921332965
1828822
90197182
514763533
501820365
955386969
430495488
4704756
715605794
525779128
717031754
544261045
584225953
908181561
370160268
165977833
929316851
839952401
735025238
361758131
344328655
967846810
196697649
773148775
933759130
460769044
863060889
810753916
168563164
373630726
342018536
223089969
464123873
672307354
383240611
298087646
907175636
959499910
118937302
348068142
477961658
339760890
252805564
965537472
564941124
94746718
757080787
915156924
543277168
697049180
264096182
566681668
927128853
564562119
164651995
753047219
528633029
422428437
773380139
904470554
571340462
457771961
758250886
283550126
715688564
902299942
953456220
23839394
135056737
370065628
672991174
155173928
286884051
770818934
556998743
987717941
885888575
805978072
20754847
818135729
253610592
658055023
322545579
668285635
610704162
748634879
504037918
957211093
9970238
823975261
595740111
660268315
352691502
234777825
389327206
406092549
121224036
651581932
892135542
883036992
44946427
601720732
672378940
656193610
484517887
684075382
364662216
199106900
530596524
357306911
572291175
426450787
749304797
631556945
151928685
213574882
192596019
446416317
26689587
340430091
612347795
592116445
535444493
95325099
70919682
620734866
893186454
167727999
575152016
140671783
801268707
86425742
708308498
541088517
257242237
491354038
352958599
112405771
279590547
995199076
763343948
656401137
14709212
873433774
563768884
104890633
85938596
285333826
505404520
548126162
542738622
728636601
7331091
430594201
905520771
551436232
207402062
231420775
459742168
134898882
972771555
81612411
331179052
204477141
673959573
42014556
704277964
507966206
38402432
128711907
412484819
11801110
832040431
978394340
443414207
591991296
540819834
585868516
299706594
761264432
365746113
956985703
668034589
705436773
147517043
640469388
322501289
920868278
679438456
613558744
820774232
11882009
877422386
63614618
741552030
5049361
253348881
967058436
384967665
472874746
864529197
22278566
234593830
688944260
810205132
859530856
117053102
160569947
197841189
836844092
978131962
535100754
340861886
712053926
229456047
585810476
222249948
960635306
35822165
824687482
315117357
838579523
62034714
955492731
311854616
842083918
91176623
228614594
853042789
297387768
165843206
224149459
750375032
910723130
493630264
357159591
281899476
986320084
959797144
387067989
126048745
601157753
834411988
738948749
616101192
81147365
322140739
732776924
820076011
554644116
218160384
435838566
90391061
481352450
750638086
977898278
741493679
904084006
177739236
327130190
339743275
198614243
97405153
778056173
65676847
715280179
249738375
940040102
427495529
941572578
696459584
777834210
879257712
214893641
101801560
715009684
171115584
306010150
206022662
200653644
678104984
217883761
343979935
220725545
494666918
907297804
444934807
816807138
282436233
587130113
247377175
19159224
660950662
787725094
209641153
827293958
563164635
649440229
334007129
84582007
110782236
85532167
727171354
976239966
136442116
805469442
210360937
115381153
328554604
503668484
939815778
671865768
58148161
802876792
134360739
423246298
292013765
676177165
795950100
456891862
645067687
95456226
855883106
75906234
661774829
402185809
182702541
934083703
12937098
627329758
732759559
582289220
836130479
907412010
597882773
138556705
847609577
558201056
224898431
481988426
221536140
578489499
142249605
256904919
709016235
723056068
645647176
684362675
601195320
541265523
105591770
476635580
594731109
781751007
330919449
117231288
435156366
53304357
740571829
253574362
146881149
977554996
358027088
357794650
44277940
118491665
208702864
650348034
115262217
283079970
474387600
578646095
203489876
437642814
783265350
855997429
521773328
866503712
448762405
59781743
640376834
728189100
581518286
319181585
936711614
475767267
288540245
751883259
184496361
445355915
817874284
909210175
189763350
815626980
807331331
126526704
725741147
378473265
645968114
520872865
975339786
845563796
22304587
909156209
117980601
294547567
343124881
727053996
104272650
345467092
621762761
385565040
288545355
491461505
158729629
7298324
147511588
604206940
457527298
930677467
592050060
802145923
919388481
114722643
502812486
398178293
821772507
967671196
618280798
71393787
508540251
655430236
140778028
960752840
828579246
324817207
328039560
744684948
360523947
985920761
243436002
657735471
556445010
800543560
772186462
931665415
78935221
234030599
123976979
695453242
420663307
776020792
252201082
343741256
849233119
998767657
66684547
192850813
663413302
994485327
400820896
132446286
467049130
596739581
125909843
925860845
472699512
213344842
230629280
649316348
576601860
47738629
778171616
879395955
210338452
116763406
713139430
552251599
68080431
118028334
43396466
563138478
787095471
603648965
186527328
784616541
662120210
259031575
883746019
946013764
940778869
861216316
794054382
947936088
716143200
645419693
627839206
203555816
978500626
579372770
122926989
949043939
381908815
472346195
761490891
33532534
749763049
211620748
508994955
545652792
185850424
457809425
569783634
69152851
603699245
95774534
343692695
260326049
408078694
37295039
352382602
540393239
946568736
173431982
890223296
762852181
151817105
321590351
502620604
883748265
774699545
140787462
983481575
693409471
299172674
955898515
921744974
730244324
545082240
541945588
223009406
136970564
585987187
412656277
864477186
297032576
54521511
892736524
999438196
514125818
712618636
556168712
904152693
506315975
353723284
303995799
577728784
643650390
323604724
499257768
103458976
750766026
430557871
801003283
601867061
584475494
52892028
290955483
827518378
974819448
287319661
886763332
107991476
72948102
207986357
696283085
747776735
870099984
703946747
399513574
19749002
494316285
236535540
662337248
257316447
330861168
84527891
53538996
99883896
165490871
725665866
45930765
558369875
146791808
546373409
851287864
288102555
395377777
187149889
625128973
377765348
224311412
417518498
82737400
471884860
97736476
58048152
723696082
330830649
281834368
420892130
366192419
480296579
90068832
927414684
96204229
377700701
31333284
509113189
994754769
109321200
751424431
364771786
496736085
218719525
841170718
902239182
805416421
254945064
778766763
942849194
414915580
253782038
569215148
357956305
295983972
750893439
356918214
376941391
18052336
698408297
641490405
42043007
150666629
32806
35738985
688173958
714505685
151285994
293569760
647894508
369162807
50537095
689805307
671406278
91172009
688096445
366521070
405941259
979991927
899535750
347840781
794717483
668762833
66550296
891341840
878357018
100026488
790403013
454699027
691442140
81405741
5320212
699728196
481364057
633518564
529895221
472626805
453457989
577366125
186663749
70731494
414960644
468419399
320770109
236541115
894381778
778250978
808454699
111216829
227228752
603838183
962626792
61074547
954072908
493749669
59902669
318509963
507756302
532287386
858717524
129619208
693994752
468530698
30993428
988506939
295889631
841723191
811160683
279229113
717973209
359766688
169223295
619467107
662558627
880820047
475495870
324285282
491110434
311564934
533280336
315749900
138185517
552468738
864402582
97136785
664330102
914420774
813456353
316091413
83131826
756195734
607544492
848295172
268145872
571480158
374923773
578056744
851583607
626606586
61197157
198861652
927464015
671770401
127550880
401481795
900633449
810485909
555776151
477487760
23837192
515828036
985783462
204175426
387990913
382994727
334704454
182391453
457425505
962526820
758914084
261906016
560125032
827283424
638006689
119442835
428052524
624190756
754439465
585162001
609331939
560776448
380360610
672449916
325427827
583050107
676106404
614712485
440104499
861887951
339613660
183688516
14257867
576763335
937200354
582624009
294332195
741441297
631087595
501961262
947128765
813148864
723368624
335372713
539162251
640196943
771998887
715924553
10827651
615415677
313779317
673719199
453293024
427134679
278001035
239593661
627729618
661265785
614096646
943611839
788959194
149578218
508590524
237341275
44158691
292087643
71160770
417579364
330690895
912205276
629514197
625808219
985946688
915295710
598858433
411570413
432034960
450428983
446729005
637224137
957595640
621017328
386035031
869360135
886591097
920386273
835498125
962872193
178301748
888790361
993958893
391775738
741987651
826736043
987684714
208695
896921266
130544078
126524508
980945512
744972252
532441668
772581968
17707639
568209819
206256243
257473066
775201513
501108134
172186411
16752555
558741477
994483625
515567951
516143705
810038529
110879469
788379843
992753215
238692369
713352352
520663348
761989854
781674700
817178182
231992596
900231964
318125333
999704114
216555625
641595545
179725452
970512839
465143884
911489233
934204943
327247305
965459024
549865862
50064945
940797569
829468332
97620002
927234808
18399341
713203799
624576142
599684951
884279650
963246171
998253172
140363059
618693488
199011277
338955377
570403089
168799867
295439673
661906103
868401140
967098203
458815223
1599297
409296275
952042220
666270749
660021788
678793030
513684640
41659263
229834914
284658669
689073484
550636603
968587157
309512859
357604577
636202836
368464875
889835050
519786440
289060827
102560372
177043868
567337051
207057191
679355038
55404627
81445213
533738182
490798821
390979096
848514049
929961649
616086536
141908479
506386020
269803553
399790704
537491447
861124834
229240067
157422472
466937707
284964148
567793922
646757400
349689339
567945071
680920284
992896043
284709153
134931446
8052562
928617311
317544165
120681536
451650762
767231795
185983290
62705233
291573993
171675422
859527045
278557529
694280047
216312843
904710578
424658544
67129769
113063225
569254819
29315085
356875723
925036860
98679427
13940519
712683101
159919014
353759848
563962260
230943237
824321943
420856156
53141537
477027721
486630623
323726205
656784889
590936557
537743037
336249358
937375988
188648463
118041870
884613867
426686496
845165894
610249292
73422497
810122931
936994672
970526357
738386107
585460126
117107682
430708326
30939664
179321425
298274029
191981612
345161269
63402195
957745154
249191362
373185333
110809035
947376668
387454743
589722766
618882893
891534539
458919320
953654569
524267930
215154637
231255823
751924066
499150054
407910758
477941871
491628044
887661297
866226871
135469195
544236576
54157707
290300377
171538684
375044887
771583070
572891787
131360838
645367352
739992498
593466208
493416260
438382682
150804868
298923249
848039968
610128591
569371402
607030804
667265981
880939729
183395636
317335951
150603318
721171246
254100828
265271167
144486346
112374064
111325794
858852981
336074173
542930748
3603598
893521648
421110537
438093166
310067544
286666957
8554323
584344361
66402279
205807732
608707541
748879985
515146251
153777558
704054202
94625451
182762865
113939167
473591924
289441940
797814485
561179231
680493377
16682466
881002652
231924859
842763931
931585297
338706162
778617005
735117037
859110597
80251682
109721491
202395922
10376464
185630198
451721109
711616446
669063102
346419032
359112866
425151367
420639047
720425206
212412219
76534282
61966191
874478982
240543972
237700654
299911607
600974917
908420892
406499174
590903382
671734492
848102662
36106235
793943198
809239067
969282033
90117943
582088852
496582149
13464592
276861109
148680392
1973499
21791707
377103008
28616035
76646774
145911443
914097778
715889391
141624873
36292995
962024632
150476776
825118989
339687219
609232277
841498582
938726356
228122050
686260782
114035766
775778162
923020422
445938289
456777029
106164453
383649578
159949823
318087193
483019808
16208878
560810348
481875156
451931428
894083250
265404236
700734099
503388668
227279579
823615004
327651004
822229680
337898209
359816883
415775966
707941236
896474804
683391270
916997158
570171876
404096826
640001621
402847692
410833077
181051175
90530218
876972495
775476900
205107964
986606610
478103217
156676717
625718961
66420182
765680310
839249337
633977922
296489717
82342831
234284331
976370084
635286011
600995307
658174880
741743430
793076218
550830863
717623127
118233648
698760170
86705621
444740483
985560914
393860712
687002514
478529972
406469093
315918064
600705950
705281792
248142420
155526532
410193536
661743247
366711750
999208988
91237825
140946490
743434738
515950140
183859860
599506545
24995154
469113898
198251894
543169133
582353852
243209086
152194644
719294737
182609291
152263281
329229644
685221991
340096570
331088278
902717180
311316003
168200258
986275138
684350010
276430085
554902449
479773064
668405937
649794159
771509617
468970636
63691143
126753837
618325380
57377812
198761545
417549142
233612786
357817456
855862370
473418164
441292420
16725866
836786832
927349789
317870475
588040131
675144858
462396784
493513139
985514975
959116665
372968324
690247348
2952430
498248724
210685583
502074528
862717253
887004133
436708395
909449469
472802559
89712232
790153610
533697776
986251275
288603904
348627158
112968334
297653880
818085323
797604475
701901280
360793622
739668734
475465974
108295133
339680435
799127008
588501535
75679085
174338435
540165590
544133139
253719464
423382037
291825096
19546595
419823595
676259163
916309951
477705234
937465027
396727895
948163061
182841520
634590517
717643879
552004365
401946714
482057443
263800481
262608774
219260514
509911571
569923851
874462494
455790188
693055065
146930546
261998217
50192225
124644950
210307520
965024840
676034370
306122730
506160726
116501222
305866112
411788813
181990092
238885324
798441842
760653935
765470186
276607842
686343817
864044338
289217300
24951229
104458109
464512158
252448978
987848415
227370763
705915837
122586230
283600316
981447666
532655153
238941838
23717747
669877045
628686100
586125399
413213679
892875249
512810300
433557404
423293964
730269872
502827850
129162822
455180604
335778518
177451288
295780745
150348374
219938194
488675143
198249276
462026131
229139139
591138390
466938887
373686217
404044948
958680082
878963355
848605673
429771076
347740922
861325461
785461970
529252210
932221320
677845246
364131407
699861321
508820924
867834430
597762800
352457188
12650491
826089088
636593822
348513335
226686871
178171571
870252695
388118790
7720928
967496580
447883738
116547519
656144646
320327317
444076406
204009487
636650783
571775846
561456477
862019991
534156620
263834693
624638082
933994743
789234953
894455139
261136939
111808528
23586763
234187235
458841489
543763618
351787247
304641369
577762046
682625310
48971106
4974868
375501032
843078287
264698552
806155690
805876555
838386701
301711179
939509173
477495236
601423287
823640870
727665046
609634141
932239900
631729642
978642442
38661403
641564864
213590465
407106837
564307312
278253791
422555036
294837314
83618844
597943813
8810581
505039157
847187374
799196085
676191436
748623005
321910439
309207043
623534410
244904914
617241583
59369952
591385276
416951850
671321088
433936835
848581986
578301044
624706281
772373911
852214355
97522181
422319653
407708700
812738823
232082146
303528580
967837043
255516432
453637822
931161858
447471274
435641011
347404909
470171763
410997481
190858054
771793367
718111816
294484537
820185985
883515724
81079307
491041589
719144502
822448394
96674288
852263171
86249001
919920956
112724357
666697181
850560141
420655631
317318113
377171538
558028818
33005668
731644517
187611289
126144383
498393768
670137967
389961063
869815141
344630855
490249043
125136967
822719348
371200304
192101830
585729444
354469481
611217105
184026960
648069137
718604852
229398700
534643281
176634322
659482198
886020730
740047252
123637746
419041062
31362515
662895348
924889356
898861601
277709928
142303741
782504139
607218162
999869832
353979422
598286375
439031560
151552545
221091718
257618903
164932340
527773186
142424969
926809968
15315072
712000586
325411763
289663596
522430376
386517383
122996781
654163087
34952082
534505044
423125064
810192346
417955335
713356683
376376610
950095287
61096173
55375564
305109162
147291592
657211518
105961474
543369417
185158841
332342954
685049271
379001816
386552189
856072911
419717445
404597436
743509985
482042552
236098690
659590204
268112170
372273633
710527934
764663206
925361731
169350740
2407053
689933734
254573337
455893379
270324196
589985799
142556017
527874076
230750459
348583929
840410303
273078956
10300611
164967711
34284207
706942636
600110827
480312045
952515918
371629268
515913577
918763783
455095362
357986785
6142911
568868019
798857172
619204014
344129322
337205100
53269798
158888724
503014315
263177683
728509926
172467271
968649708
932662257
433513504
908309440
865985808
145209290
454707067
493226580
391527304
319385988
58051852
7525107
471239588
179979472
2245504
391670264
314850527
22107220
831814285
143432077
678472025
972457013
554043216
980345985
170482663
965422613
360498572
860321000
977986716
330221581
468928855
386319263
786297604
591837348
109207133
198148598
237282043
597805387
929777403
763625277
312026566
694070008
858307189
382976030
269945014
532667852
444993034
322924871
221813262
989571584
419966168
137006461
211765189
163994475
683228824
808758404
732789887
491235455
727142587
164527892
947699074
692906096
271828256
2895202
844459001
54882561
193409927
667566778
696138495
469029995
881912932
400476662
218669858
741506175
280325332
415137888
565485349
259595970
660132140
787238777
640239955
160040765
89533600
365593745
628440835
286391475
655013498
195625194
600307709
502570798
564048742
438661718
907240511
589616286
361031978
675014569
774339811
924219479
778091269
516991824
184503673
370508390
822878690
930777207
194780511
539304444
964412169
594728944
758843556
873540336
329745206
974985746
535432755
656577219
739155124
211301366
506854571
455121926
710766884
580115004
916708719
136607640
610270494
112481266
86719511
105766416
6118797
65885354
764228283
119659550
755822728
71321995
861862310
662315523
346603701
484186475
339428322
800145753
870621064
38160575
422971229
609351203
78029456
649523441
50825495
40136741
598965037
668687725
396404575
77593394
915912482
327219546
228656717
16127392
715597111
155113760
138797812
166063433
838655103
32302862
583462710
698729367
597311479
816644273
324385526
257575398
665836253
262265087
750443109
297634747
96848628
951534282
136138803
837630638
73646011
852462558
486465779
451455617
26474570
238439971
46709196
39795750
591417139
865481679
569378909
390223797
980408078
127989087
205073825
962730041
160257686
594374265
402409599
953494789
17320297
333486063
53980676
998070148
68951642
39728160
621606172
610621011
115638486
445762410
834647163
102564609
870829503
611876874
852780420
113165389
421550173
211971869
285088470
367139056
581880113
812935784
629321939
823941156
478631327
588178442
38699740
450568252
384401876
85301701
433973784
307842965
349705904
896209799
73346875
691358320
356788683
369530851
401681790
352909707
157004642
8131883
572008382
488107423
133434788
844795400
303744123
730596706
710300925
414855592
633074664
636744022
281135456
857995685
860526297
49387524
856199897
218657133
892819600
95339239
316085558
551765253
115829745
479679769
421541555
960033271
293261295
926777761
422824772
31904341
958020598
6741929
540808218
274741288
425369437
804167509
417667338
434515854
697457226
767170467
349289957
782178017
384099731
543197599
669991611
299212072
3035578
73858497
339622614
891416267
373468369
491524407
292306920
448471220
159410552
701493256
51056118
217134644
646619858
692597352
189884031
979746831
808936791
738266088
37200566
74044301
302470862
315797204
543668494
735084108
9528542
227407068
554882888
94507639
425697542
258746031
239454833
849757043
98607313
653180964
492909921
380703990
641764918
41948666
650638811
835422418
868472055
454126315
348393634
218641755
307223254
234554252
858547763
269938575
247035595
637387626
567090104
497161159
837850590
882786571
354804481
723034858
493047127
249262217
113156975
867308683
520116819
697397040
107669820
463851981
916271544
898237912
799761536
859722681
799704743
27122368
938930595
636631030
511857196
19702594
272256542
594135533
687652710
26619557
425643796
612477483
279932008
530767229
814609031
808699364
33910684
756376244
686293263
637699909
898198648
598402136
97170136
611527318
963522902
162742409
710377136
16726943
992721976
551486262
950388540
408383767
50946110
487180942
600592243
204819698
109753265
319188276
570305589
285724967
911830376
281763334
245515991
404041429
537242263
409387047
219953805
888234642
727087378
577389331
485426831
149681270
623728649
673668198
380683135
255395876
142968510
468693863
105902616
722646830
220979645
470350609
752098579
820669248
814435859
304826068
2172085
696670152
510250453
350594658
206817733
94675499
415455705
740636914
135856555
222884650
951962161
621224964
871694074
955506942
149825326
220072915
249638010
765971218
108569819
957969037
831916071
338748285
369558562
213964743
708404407
835365908
158194713
386433168
650888349
14664987
497745226
36294077
811562438
194722839
938943339
3956693
99515560
879626104
299430024
114161494
131893990
202414150
9431496
858730255
167702042
504574424
628410387
428490856
316735099
257147675
952162439
523131018
106182429
133290126
547095983
821839789
5097837
279936095
672537903
856699555
225670134
649647414
527288929
755246936
446828428
898761509
521522325
924008852
506005907
615441304
671378732
567268852
666437456
353367343
14102272
371477606
811190264
876717433
978328979
320561533
417673302
789927555
74316040
249648358
585687916
681155474
832789032
42022836
658505801
40932144
827475103
250677352
530121218
71431069
99797588
923844678
378815593
291669760
572770135
464062790
449122507
426253087
741770282
171610689
223537598
220149376
448204349
361885261
654752825
260091788
378457987
734689049
55510563
420995104
18551224
10127779
666043313
697538854
703144984
539957659
923180740
423498889
771915142
829093466
219625549
341832660
507429117
980230393
315321224
956877058
910433093
727415741
684255374
613249638
398953543
366519557
230727975
862252529
807564081
952781521
596753897
208346265
690085386
346085560
248120878
52956662
834044165
407945901
884775713
644713234
706633465
1054386
645085242
450069735
477416170
619650741
268715982
653904994
460640196
744543600
537221745
562329253
70428524
206839251
791920779
618357619
540292972
99470616
627412429
784207106
147396651
506925540
556780875
537637068
51049040
375214581
464176383
22523178
499334660
711412700
345737564
927661371
11793097
649337141
449174378
561252336
127788449
520246419
910115532
964156575
606474015
569587515
659756739
865769643
287385111
389132298
509919935
630372808
202559938
764221824
795091903
505865126
836191890
506927277
521539180
154048589
150119323
828928261
283313305
670569391
96927639
870816849
984708323
808328246
88813822
161322270
568281399
238756288
629276765
769119399
888670829
821686703
579816260
619616275
56331367
63303613
66440910
441748828
295319136
437274536
147186620
683465818
505876442
390515012
359232652
462091025
239925633
584525901
236411444
566622694
423955287
592370693
149988551
613445538
502767075
191323140
70617344
958541146
896300275
459100661
892543014
206622350
412533233
440211510
512933974
620489670
129400240
321671191
671294532
673786089
322584000
345761755
101219829
88527508
515375804
160395489
367258767
336177353
24339115
702383845
1768533
323543831
586053855
814582422
134833467
1298805
416817813
952462713
463680823
16380225
489760448
193057963
791008390
759404018
705308871
900486163
538658759
81099291
767592837
403814113
897423371
593491002
765333479
781749663
240571638
720194936
546626945
900541579
542797368
347612874
209842718
172293590
304336179
744880961
936816493
752432812
913944186
211280436
234925948
939891687
766629315
886200068
93533022
641647940
594519508
849853683
523662714
83558292
716196761
806130722
352153537
168147537
235618584
801930254
462024628
55726650
652224521
397178329
615169022
710880594
498920650
82704615
3938310
830269611
795753163
933064092
613482320
295735459
937290675
727843953
49021529
941219192
810479080
652972803
104712959
44005120
798374048
628885540
822854792
765626423
663983740
707372269
990320634
266567400
430501382
183691798
279901730
332155411
836119430
366843862
191455948
383904933
852906026
558786771
179326701
501393697
131031273
584895020
648630609
400756939
113298764
581045230
945872454
439401740
415422742
572750933
221089781
587197173
263180373
699223478
321430603
128539669
619189100
214144695
576392494
109198594
470906360
739430179
943168924
142889603
824669257
236745003
978366903
372849850
636361216
589081569
834243376
95043411
185135661
715898078
589915198
401750843
824075057
225119639
882946546
934495045
733515720
477695173
497675011
775458965
937245951
141117131
10552669
120730959
289269494
187650348
450993297
244590205
620039049
335830504
768779377
426884304
253924303
962163117
354166265
592038316
400752897
522397004
10918183
871056184
41849741
739103615
283082399
114607491
619736956
748689592
860660307
402806832
305934162
806103609
133398556
859130649
835537385
321186050
930214913
69188865
367201482
396360795
709354363
310355746
156278816
746139009
908162908
316828745
758731659
483846125
96259507
610781231
658909520
980595300
519420346
961669429
334526792
850210256
696795049
212440388
650834673
921741443
516204638
88804398
129872534
897746333
996833121
8039847
868323685
447592512
767565743
758328338
81730178
271230642
579125039
515834237
87824534
228974667
629458404
943721331
674790598
128569761
470846221
438013740
542787902
524462341
314644624
232287771
674842829
78326680
849966811
737779127
35128511
243933462
968915130
536399594
965931893
248422689
192515480
239830123
311982975
147663064
338618830
127916828
830947611
359684557
238652255
542429195
337955766
50187797
398823829
906798711
613937513
442134967
47614412
229995529
967321412
680702552
700112257
445834922
970087157
883979524
582499432
873794441
640985480
332113382
191315067
305909812
515803634
384810310
651041813
496803160
83120137
230388467
971566439
34364949
493268174
303721937
901964300
740365027
452525438
977760844
602478398
725364354
58590995
76096326
618951979
777789451
279009359
976910507
753683457
712465591
940273016
687101135
217221039
891237087
240839939
292917752
946372143
97568827
160972175
88177478
519647518
569911266
284159004
598857301
414451092
280813215
395181804
674464536
713158692
325410320
411713964
852173354
879848757
201896221
262857113
768435189
74178027
279622472
911624736
841097970
340208712
193577796
513576350
592753252
993861176
843915722
425994987
802676980
751629062
577876005
417642288
453074173
978737948
800737078
129860220
413658757
178654050
169472441
638060698
231871128
638397863
225846950
294628255
910508082
403180183
752041588
763114202
851878957
388285171
261277203
13856981
611740805
300050718
536984926
817644070
289962058
1574499
542515264
329713368
815609124
335445618
748481137
610836865
762111560
555862599
910093398
594760277
860331425
931314930
854959569
622957806
985000303
71928293
684615069
480258164
778381044
706729126
453183410
131947105
916043039
714613681
84046085
441935624
241274972
451766490
53079843
799595784
214431109
106770131
785099780
190364116
28685211
993363711
341296188
383969787
699685108
336734826
689576845
681936014
15865969
148935866
201397834
500764654
284368572
725985631
160853952
157059488
967095625
722008876
836688724
835513091
345342898
564310138
987575766
210916316
565051208
792374768
753130890
891012494
710556816
55599784
615649655
431231359
466293634
342635144
715439677
949954760
90831724
262954563
562636357
626781283
54350324
800902224
993017449
959357439
613241935
914552683
94483295
880043013
811124821
510537828
608188219
454858904
581088740
181661924
85101712
434604471
546950741
884507560
109356592
112228052
682870242
834209309
299760422
643317298
476916306
375651351
618183282
940066895
172639711
255618260
131462585
455728419
392478655
692251051
425807630
432645338
672173015
990826358
484353285
998043337
97637928
343185709
219773890
696774930
310054840
222202380
280292594
597985727
820674219
669939969
208116688
436599790
91722838
251261910
670462910
545929658
368673747
171531453
973070630
436523977
219515607
967872700
386434192
560559963
865056511
455106023
754610005
340329103
311218224
315807459
173084175
258655296
34954186
496508938
561592616
694512670
371027074
272250373
193674671
799575863
542318684
704470541
684066028
429065933
300718551
428097127
997702166
769299376
478922683
543755978
221524887
498086175
850395056
673082999
803145781
668013882
918482143
807555587
320723609
627674526
541420167
805120588
315390843
695952269
945374610
814371288
971357538
993889974
595635962
55963637
522276364
827613031
758544155
85384595
772052120
441848466
313732366
448943821
851780081
294623368
988431294
193070074
432455233
412612122
543041014
744683142
117206758
644575826
244522979
921252001
63072421
449808396
406000064
826486797
231843337
742124365
498099713
674544062
912908540
707939598
505293449
759022274
377623468
662485492
541529587
635620345
99125846
80409151
415536115
833091438
317434952
821541679
280909255
472701384
387827906
547751233
6911456
976549198
849232677
567914298
22020089
909755101
731641082
166564387
450185401
144104509
54123083
310414156
341736606
977100804
359001723
736851233
870943577
936131948
966319236
629046483
671420967
98229176
937542651
521333814
559473423
928429980
482213920
974476181
291535154
573521379
179881577
400808607
651906677
562766546
720331069
307126576
973528483
972673691
80262953
635536611
461649614
557595161
650000298
768938605
975907262
45355014
37231206
70911548
823853294
738635371
457980754
495439701
215063403
106098363
104418203
40408991
314106684
152289504
544052565
529407360
848116298
872147183
279356066
18230436
712780165
129491096
132656206
264988661
872022063
239726836
74660548
630252782
399166188
44750691
371155727
589125791
850999878
350902311
735204532
247174186
8369604
505539201
633981483
746284276
807092051
437060098
76554899
164762724
869149158
366949614
721042340
864805177
74437741
276349172
850356822
370211761
501237911
519390859
64103348
557100215
585648514
933624019
491120373
95149098
63773174
999103285
879816679
117805509
783361742
446049595
265617800
557749246
649432245
18916827
130992536
567408207
317650412
384539725
263308201
454467448
550463065
654495451
357412442
573026054
744126620
444335287
564663909
312706803
156959484
955491948
673995230
744731533
17249288
359319143
435453944
614003779
399889880
471867118
191790874
325499383
652573589
926792327
386388927
235281135
363839610
724659563
193718727
615562918
292511712
412380201
220052262
179923681
670919897
864722935
951657797
626510998
265585525
325825926
425971295
787048400
182503279
860830070
123281790
831066859
797534505
45667804
110160755
718196346
62132156
67172085
768081408
696306703
829076494
28746560
489536805
455344380
939014170
734706156
456578822
736952246
500305610
938760184
291551485
755715992
513624058
636218349
399957525
548312245
681802160
972080995
327568776
464106462
119657984
67396623
313197214
275340832
182353765
556587360
519930222
745433091
602148104
363323791
738040256
748697698
265988440
554835670
474769586
734928256
6162405
611480603
220668148
999597309
252408525
135925179
498489580
137309211
862797142
563970201
653511677
17999097
969970389
84337894
539101931
390265550
198229506
528744702
893158992
374620146
194029011
577529703
967187808
113359427
767169949
395547683
309180626
461100993
966032657
971852866
48236537
902087134
624104018
918889683
807010270
809327257
76047564
604349050
114465605
330664397
863619974
537279263
754174311
407128427
507023924
581883957
418686126
501473016
706846682
779861154
672014361
31829974
934932703
968289869
41591556
9885591
502681883
417071108
587918814
873262107
332183795
476422864
464531996
123670552
899520217
212235567
851412668
503243630
42012305
217813870
41668858
556132934
507686481
789340616
705156642
370418095
149201109
646080807
470483908
989168943
519783221
352315847
760266530
963288774
492127095
174913571
973682736
340460640
739961654
955814262
504108033
428444409
517692418
707875344
344360301
43288044
822344365
732805172
791134949
589570843
778422534
919413620
927114113
746421723
599439872
119534213
343844014
495476081
353950218
830807396
929857706
859601709
240837883
679801298
946687457
570807732
859062625
128812494
526503663
105591095
635551690
746279358
308649293
426330093
226895010
820615309
899756592
447098585
115465991
62632264
986217112
662721451
878251507
651900160
299939220
263765432
746661553
123189593
403115428
850486370
923893500
214448119
443466303
444234724
767423315
186013453
163695531
506824891
92137745
648419157
59157317
51328890
666913831
527891872
577357906
305835961
539889317
384611053
272020134
917048333
473161751
567324266
235941317
141773341
927491079
877708189
854116427
476908065
614573165
785143709
411079921
940060334
409427288
218382730
184151551
262526588
920318791
378016181
656546103
372168112
751940201
756737969
753874237
676029527
726734184
298111328
656732136
186148172
826668034
893576476
120759575
169488433
922166143
915734369
660079378
204314478
840936581
476822516
106964198
662940151
752286778
608662134
836261944
682412603
480825096
528943655
748806276
946797738
466011263
19011357
574332642
318158028
959844575
958477630
223340982
976425241
723417242
424583694
883586639
367531081
729055585
308524258
435392859
696501869
884451849
602087473
43025798
143956925
457483480
997063941
859178455
654679982
264983344
744712730
21045064
628714340
189565514
937661423
799821878
400271800
998362378
601309117
805680756
703360073
138393393
376769854
218297371
773676210
27726927
774471785
866099207
337890551
959564324
877635890
28227056
984625365
650269366
392750211
525317836
876921111
170222648
713221681
252851869
470820973
788418923
740211125
416430436
208253382
387129939
643543115
268209032
938582581
860993400
293504168
613048350
850642121
850844963
387584448
628102220
464672654
321096764
11616537
304858765
573189582
927160279
450939776
568899248
219427758
297158528
344021525
225007606
600950952
81469436
417720120
555218873
793886258
629055825
585074146
977133558
931849277
978991844
412955480
196622353
569284419
447202617
431259403
921549489
74493344
821672964
948836987
968318922
450364048
946984545
274237805
298846760
668156479
282594782
410747284
396084704
256338354
399768223
572616256
499870104
999370942
540542050
393426423
131337752
287590564
963494643
424942640
36504903
87948468
665204559
372003762
570632725
612523727
456743797
316561639
181915518
691225797
837984041
29705173
859108752
433605167
728757773
72549069
713685047
863960020
98491356
319769994
821821046
643976022
913792226
736070804
989601080
421590575
890118596
341696561
308807721
40214027
52027909
894396964
195120367
756905133
906699249
189806211
320181532
492588148
378509047
467197745
197779919
568359652
477702734
470756970
206665407
837473763
836130719
164123637
707711962
75837260
61118167
497058654
582428141
14358778
971494232
587463310
942965960
305354173
102375917
276454899
329173090
867670114
984255079
662891891
129393084
540132432
873964554
595955943
879509305
350391985
702464114
338495315
39514086
302501319
562413914
709895274
948716075
926643958
654267736
699293754
592719346
830442922
289461838
869051418
70147287
77969326
993751747
197971156
16399067
702994279
945312418
630467693
802137180
238895953
477158358
39014980
127561118
698818598
449311905
248482919
641455269
472194408
759611067
589816753
41106129
695582261
121469903
958929960
161520227
945082269
347640869
510158663
597099457
915255532
519508383
87432587
457814824
449178303
145753288
484882652
992123579
368197405
915578638
489659434
98168596
554319800
781276574
364760487
342171978
365559796
925540644
446988087
419684180
349278206
652937624
336382123
114888291
9105988
283889747
902540122
305877324
394949438
996598639
201957410
51214071
409318662
964330947
636266695
967974203
934480222
660269115
33308145
741808966
829588517
274712385
126205609
678961119
645762330
95551715
898276200
450796559
764637461
784780523
847436197
988298839
598014992
364426354
502176758
7755154
405139804
32081699
527769866
212648253
125385312
685487010
223411280
213350899
352541651
711639360
76045170
214686783
995503764
88973870
569796794
959734449
653826575
637553944
234080734
403223567
829617705
422843573
915141926
593547158
297076940
935544463
810906578
233516805
257453010
557965522
534802149
10700851
96253823
406775983
459008459
85592508
347340266
905331924
632787337
45877680
959786281
867772310
629585956
102598862
238886890
888045874
315833218
359352965
94407383
335922250
637570501
604693947
816447945
521774229
726086609
249714241
769472151
763989547
985112924
823286183
596812754
574040268
532453640
65975821
748961551
674717424
509883345
227277544
386125967
689688076
349847657
379028933
63579092
369631674
778584394
415316969
896986788
762535435
76830021
374894692
561655131
353643961
49497472
681781942
881361797
279023074
636653919
981431812
146751729
950395992
484516305
342014793
783711296
929664792
362892364
618018250
800162721
752995529
332599251
983740478
285812944
317701635
566117528
910016464
257051980
914573439
190498576
63092236
449778406
138333186
391177238
167087050
664409053
310788548
865753093
402979274
734222777
525629990
731842482
395922965
865529491
362587974
153403042
575667239
814156356
786461904
83096173
157057587
23513791
985496279
379379084
628670528
746527905
517281851
457842454
693481210
994530913
657772910
65006232
176105944
42150118
110061764
590179128
806206658
669284659
632515631
445389489
809425475
281654158
913392561
2115786
776432048
78830088
688849197
363025906
284599581
401715298
922476762
977834058
205805004
761345109
511579836
907503363
274313619
535544346
215998953
562678780
909158982
947230137
278895611
217068354
275450918
276436275
948852110
889465729
296349954
475229225
78171224
954736042
248831385
889728478
182316299
384597897
788353099
978943760
452651325
786191764
689990748
49962006
735512788
132287327
804648062
369628858
419557654
522206240
710465447
845946131
127325222
214620670
204086154
105688852
832961340
986266327
173556412
82738837
679337692
13831865
934790951
95415148
983437387
601130433
620411442
606604373
542888518
335727706
302272883
786149953
795869680
781161494
680616955
399105758
328099070
390144559
58628525
800015126
222154035
894907339
412550118
710827488
495049979
111365338
911729629
603150081
546073682
177236075
836257558
190708745
406360091
496405580
242242288
589378698
220597356
487092723
806770108
66578929
274616193
894514944
759549446
703345323
275227269
114652011
16897676
449605583
941689019
441283982
120568831
93055012
570836722
959238482
832251189
416934235
394179991
877756794
383529556
388322766
854267174
405450642
305081389
998172021
453327268
645403151
905825027
243644979
211759048
340690365
626547976
126681452
99826253
776444010
776091282
156163046
364037178
34818682
692765301
80530418
710888245
461972226
224004221
576148661
552377754
353430618
26412311
527220461
641846941
305469198
441442502
369572430
762362300
570800321
42061026
846551158
731694455
971021793
282905313
850317228
669287476
240471417
445568025
130781310
887408627
743295458
723934036
259445566
781613075
50268776
774838033
413786425
282282518
336381009
405197925
639029314
944205603
404084075
332238512
95576041
688039855
535702116
423789178
634240397
460131163
758222454
656072261
309674475
481306568
327838176
909545584
99353474
135089203
679530866
519253449
4814399
274528017
6152203
368890955
872241987
448705008
676768748
923880596
857612299
130169531
909833312
704249966
102506201
278556787
491268430
657584731
504182576
119506526
688188307
852736857
244472060
759527394
541694352
74296473
627508292
755997333
213928424
889894377
579165049
682962258
981116368
863607269
771464470
681692372
639318365
356165252
970288977
364166824
726711270
197159223
258105444
325008337
39621273
638728140
510716928
541853281
420852858
449911056
107675101
32248975
360863109
826143982
709399419
266731376
72190875
523941085
894442838
510421602
153402514
190615742
33056253
993796195
691892283
7619134
534851419
41543430
699204173
498513899
556080719
790885189
628519055
584066867
366948390
475986748
10636403
231246924
297932989
201950006
309891267
66614706
834702566
413293636
653805290
770428254
357058834
23373093
638610085
455448588
727327449
877716232
736635576
427929445
836741275
765991514
970983979
862066278
21087052
435947238
905762104
855385027
386798470
87417017
589978235
841615645
496523357
70223391
849951909
251701237
260734124
976657296
79868067
78627558
884805131
415275329
686227587
607212362
288862141
869230380
554809713
557064386
461938179
549842221
996728603
375982207
919836464
929480312
869774872
468042464
756066284
671321746
971919286
642869225
953042966
240436754
706664474
823881416
379988251
347514409
779113899
337462727
713532876
920144320
641250569
886440820
909305646
314729554
874112952
963926133
985522440
467452140
323904003
648223133
346399554
419901879
395045772
841529530
821927748
573289854
296421084
359738963
318865192
458308117
245774943
848763591
513574891
517518824
571558835
131575898
711338189
277560548
686339104
80796778
994818166
895712638
533115151
574278048
708206375
588610322
5471907
525534880
665272483
245186024
147990753
311358460
158828321
127138391
547660511
655502267
267706342
650878671
800265103
576527913
973741866
350115357
868399936
24009569
709460751
343342409
596850287
263246378
415533754
883180107
232632300
783837238
838229315
632649615
506270998
191887068
752484411
418754673
241505374
435352493
29248947
320839086
170393425
564589382
461704595
533643926
589142649
359732677
797774879
706510153
989373001
967897062
394861553
640795661
149970113
434376783
977145660
119906824
39657384
23054177
93066658
784415186
852265582
545042530
453160947
978079558
958039046
197592814
219902903
489888845
468169349
201674477
702601201
649748208
155913847
920433071
332872139
158171860
642230820
758612403
892797954
810026692
42108521
968739568
508660989
88898581
184111776
970918216
168554682
650949530
315837738
624981294
10756106
268480341
986863892
394506816
483941655
419220021
929541982
781822074
65887217
363630120
170750684
894585951
674495400
221955779
645073620
207107144
582629702
420992540
596259690
821516752
596243362
394540716
307321273
262296053
499163476
481055788
17307596
529968799
415903123
792194950
183784438
488962390
216041125
891828760
574288944
916311692
278846117
140353449
224304762
749365163
669020956
484729869
72743148
489556406
604673070
9662177
111016550
805210489
993697357
576905191
843518299
696712656
602501825
371922835
987417855
728820314
986324639
939531051
256155985
88796678
250382006
379144272
493840563
471022111
931794802
504575
156718048
199281463
866006470
107085667
848406335
55538737
55140965
831290041
35991608
451684643
369163024
861516064
256639292
737996175
788687970
486531068
57143359
466873143
981189651
783939064
283867082
256632587
199372683
123261665
105931903
763624069
70122649
965344045
425011854
938084202
128316871
440388304
369553784
507788860
832505190
616150002
153765743
760710786
137926905
798869347
465694347
966537569
106532720
466224052
760975964
106891027
312598565
809953514
190523586
34112322
287157224
784804392
72751071
444241762
144556531
511022037
148870256
208469914
643948435
876267438
573498293
901266022
171113050
438902370
988771202
480393004
852273539
620331161
671457808
739077500
545424658
447731698
313143084
132299705
938350588
335456136
817750271
861455317
126205244
94341031
260979983
787116088
590735071
886020027
684576092
366853278
649456923
544505579
980016182
190459372
602087728
752686561
659218898
750642476
891558153
428642034
151653012
903449008
143160953
169421753
476039436
143187632
632538528
26284304
125901513
184966210
452475736
806729219
805521998
901944693
588378505
805608812
466201470
783727965
131919262
816656902
74129952
393637564
565558811
627121490
468400465
419157323
779392369
913936854
568526133
417544196
315790822
928000471
367950086
827132409
726014842
112669680
580920225
11195937
176126793
623302852
934014447
432530558
630226628
342025452
169775995
562021081
22506726
139805452
303944655
535602516
617560186
752787871
426722759
249332175
51646284
294512719
601603918
53508992
894914685
886967545
486842659
637125477
189687752
103239907
7818190
404846480
336836097
295154939
687567542
688224185
786188937
877029322
711746927
801475569
422072637
870810068
630272247
327213831
258236449
483197658
399024068
130443689
998957493
728890667
196552120
395749895
668209652
185314255
787032828
234811212
34984720
834498045
208663056
752055567
581155927
208684091
471712281
139711653
197581278
137109400
378635589
18024068
399048639
856747389
219099296
6172091
932046694
740658421
289042761
719554095
686935019
86700193
420852236
801528172
790186218
787921995
914774768
852747472
770649669
446879001
759553345
949470631
304726091
831186669
493599721
343429188
371047155
196641883
930689709
162793704
278261495
227277068
833772355
715595695
892620229
162325656
755863094
352030563
987251857
779441907
687981555
919916510
659830995
22176029
16212057
181784479
679030129
608808746
416178875
811271810
659414926
736285443
498895434
959196161
553743385
547305935
885469509
126291028
714554405
766507806
362882896
767962113
313470504
19725768
350758074
342840808
780393693
840290246
772587555
11771838
401416964
86644557
677882456
694783974
521895743
701347290
476400185
998146289
467490216
970737583
78089911
541195793
755601992
368062673
516530018
615328420
42308202
825164660
164242046
543116298
353758288
294071703
219200940
523627291
758707945
972764628
848020439
41311069
653099084
610726291
181452019
699655920
803939895
432582958
702193493
486961428
184763942
737122469
356622943
589564184
752443427
303678293
313088697
265214370
476746283
577212735
328664871
413396233
33984537
897573019
903127210
744263718
390217320
368502692
118564402
827493833
640490474
520051354
985358142
728934760
639287960
690746325
266009864
814597157
998758989
106689893
611216961
306688310
287995675
632930167
408775412
515261062
861552647
133393626
32574102
892650986
234640946
614243515
783892376
817207107
774146453
274054325
942685171
386108760
16390317
295480680
52117084
570208240
517333964
603308372
759776230
206009595
174920446
361838753
211795113
439226524
831018217
354969834
38702204
828336184
717380756
938059545
44493549
762672966
278537020
501367510
66793520
923266187
808446174
502005476
325410384
760910669
266681906
463262156
730390574
22446117
632011812
476658251
709384398
503040126
353158510
129458966
261188812
353400199
769989820
2011186
454566884
533764393
736036702
22045404
915842824
700668254
586630095
329526348
324998864
461801387
64334771
934751163
199574589
480534706
838881568
430907687
267179742
77510557
630391930
206311204
133685919
617003006
397951485
367552731
741439839
29405422
545607081
245431358
935034026
233297235
243581600
6587769
619481743
38955499
89681969
651748137
877071013
955158570
862844730
908555231
156926386
959662859
35580472
220251334
272105535
466616160
296611098
446925446
596673292
619369572
954378435
762389249
845352049
868626652
726353103
682946082
332550752
218756183
730254020
254270420
61623545
417746780
972350808
759520341
671365957
898709886
496809094
731951127
233637715
492457719
637910427
637560055
667922152
641538986
540702079
688303116
847118822
220201810
454078338
960929518
808953767
220424431
179903349
74825222
522460716
435499903
64617900
939387689
451424380
624761197
959475061
366177716
566745483
268853676
480892530
489039046
484195250
870535363
120561128
353833334
209564772
266548961
691078693
391768703
860375206
790564851
339511398
432381941
999617162
145971401
299132216
50340027
964102570
545019424
498056471
427153731
896798720
834191064
609265431
416047390
768120675
483836465
292019355
803997053
280956789
618085104
112209959
165447228
917873058
351948441
896553096
901938838
297602150
120434566
656141247
340182931
384467101
679061471
526995126
885794032
967555405
215348496
887463134
641906974
302119015
376392982
361014994
775387817
155073652
387784050
506991627
943767521
49429086
444863643
806799711
736218362
747545261
909069086
298417355
251708282
348343297
894981391
312369852
493982635
876098217
233545676
153814715
494657141
662179629
151339288
72569507
861330677
903829330
195312997
421840539
122894628
718829870
429556157
692645477
128152186
663311915
318978304
976359391
93080370
330812353
410273162
178953826
926029984
801733219
617881738
365945575
674296322
281090521
650143561
848917168
949312468
301815819
19885686
925696356
991701124
73397606
553731617
296773977
902743715
303826572
895987288
712702357
592066056
920871812
966928334
741132711
68288125
818660160
419415263
169386736
7318620
556058692
284384275
881514109
120886667
750396910
532410474
888821236
530249681
757309513
95099358
737871954
482545557
22670902
689196985
414625302
163817705
480725229
333745431
100204642
973834190
778694442
151465251
173338633
944374965
111535248
791425557
759446854
883922860
711904254
941123112
112431657
852801798
491727719
990665081
594647764
69355967
5730713
918446281
304959419
768443236
687044257
499255145
30375314
608221041
180056053
702679846
175295861
315557430
715920234
973910355
382273198
520725816
194087599
163903700
752477991
370397301
192405568
812672642
680783038
891236089
439732528
565224206
585871918
816297723
795708541
554705408
827212129
260429894
125239045
571015421
5561438
331202678
772384202
728122826
10810639
453342713
950474969
892862011
78321695
521482274
142960673
657265539
362332633
753741450
571074518
551060619
492679921
514930148
858188874
567176955
912405468
558164392
535026825
555083907
878356018
642880565
818090067
390556195
486876331
752793261
344235314
966361582
899498580
42110675
847222917
58465556
532164574
62102832
158679526
168051786
335399038
867494245
212102226
883340254
438880030
858741154
533759790
441159461
916213508
966815402
527448902
784797404
992907112
861508834
933890566
661810180
830396909
536339465
806341194
751321828
181708676
144678658
222133538
485963342
131884479
154138300
173650416
451634100
875612848
811431486
221200185
363636220
537513005
549964238
111621944
947626590
482253827
194186940
758748875
218752348
279965405
791139067
430022415
694080719
186079821
662638309
810305753
177866337
223609503
943100804
576933062
326433217
304451905
908349706
861154720
641913694
289352717
814418076
859166376
183337130
928059866
976153789
284307766
794587374
827321969
472209397
548145769
629710903
536804145
809746408
211238766
320766771
229289299
466871586
334189841
862812089
478184506
254635896
992348966
229335111
121031839
568293275
316156991
736635107
143158692
414221388
937124991
921615769
273220594
193558842
739604169
963320118
372875711
890046562
692942788
570245958
849217581
992012772
968238585
498837699
27977481
187857690
154633157
527616275
162698526
904989279
458212460
244110313
539881484
64092798
277029339
818219090
79358341
330743266
33725496
924782092
197717284
859571957
505863253
394184582
772081944
432764047
907786713
323221643
140832590
130573511
406852542
452319465
779529536
228711074
335625291
104975937
810720537
125280704
810106143
96371811
123092141
476577099
608578796
225499020
751315465
257364366
818169091
878656816
410561838
245701103
464110171
207730732
575509568
192087096
675191339
845806052
653209955
333584027
830542470
972947747
826695854
737948747
556915899
414878017
282948036
808581202
189315581
549115327
321183926
884631009
212297296
950492337
489134010
909869989
717542357
603885629
409357145
605423589
494278766
554262983
872951117
958718928
378047813
909938307
855690141
914255007
846206905
682348377
226524838
655303627
199572313
222374811
739165379
78586980
933243735
615142418
150053832
858550945
544578930
152742769
524395022
339634325
834927038
519336057
369128297
215945291
3054915
398739972
151500816
367981640
537652343
107395708
805652287
704163189
960509662
16559747
26970295
477768098
104410289
607654275
407112774
974993117
936566803
341775074
514739822
971982533
647202512
703641096
360960939
939734197
690501836
11117535
287507946
216908809
709116183
566369769
581200625
906806789
560178719
582918268
451270758
52186350
671482053
163345205
502245728
283837041
121318247
604003987
130680431
296538517
391002572
678472741
355330780
628634663
87526760
183858595
25628741
242546007
678470695
101077995
853958334
737652664
350316016
288509538
23849982
421592007
352331516
420207153
157805841
445087157
728047684
724112066
460312202
212276839
6841212
500276311
570153990
721437734
301877897
512686689
904798639
427499990
153306252
774464726
243913742
761561259
571341145
690821374
82768941
912144435
511006138
51155652
223298840
787079391
715850084
284603656
421269551
942636993
744784696
594666574
307640197
767993384
223632916
219761494
515914541
674977667
415710358
365911459
860262864
969804239
913074511
107055813
318368324
64118827
998360697
3996082
621312543
664529656
788473800
591698913
350772881
760278948
111243592
224567338
201638069
901331791
457137237
372655460
735371812
447345431
594532739
533954082
196440654
170164997
304360856
483688866
764204178
878974083
534244050
615671406
672194860
515423257
648555718
825194595
213633701
94463333
600822561
896153462
667962401
466941549
930147366
833652794
475544176
635769747
357953142
327061015
796614587
985655949
219707730
341081914
264097221
783740104
795675575
587681706
736576526
881766864
236226342
959307705
649850867
667141809
562475328
751494665
196196338
54485329
385433896
675076642
545812280
462328352
813128221
277065830
654323295
860587137
414275722
59539169
292891047
137182792
655151917
147979880
37590386
704112977
312706166
785288693
77888889
664451293
737515559
530991727
435178670
424854270
690463883
949946969
622153228
102111818
419785832
402584523
944634289
994748223
921943223
236806560
46214378
287970669
460987065
895880381
89525317
353220415
75436817
325516321
42390273
525695687
803687379
85502106
139677486
778204521
477842379
949504664
189005165
301505808
98098272
397468138
579838942
297629254
279106557
130766318
474451113
182604644
820927432
321067316
741654525
924552761
722787195
313955092
252481260
745153418
766319259
479585494
180288630
496440748
179505686
533163019
751257490
324213766
328129234
827650396
792310793
405149474
24871459
89346328
485998053
67398132
350300785
935788687
235179861
508865601
553456363
152752340
432409045
505894320
746930431
936441016
469236788
308287549
997520593
931960639
775227876
883070284
997686431
378317978
909974004
892065394
677558896
840161289
523149698
874665161
962593370
120208191
942946349
549485229
844796905
975836694
217759201
549396835
308017033
56880862
132036381
589284524
84097586
916631507
221657478
729504055
860735522
702524809
327156912
988797539
801898796
360345204
432890360
12203696
154816624
933998874
725333716
309494987
879683907
749407153
794415508
37470345
149424649
372392567
6864375
591546670
278251669
485752187
325403140
255555773
731859230
298710185
609098209
693877836
265749845
656438234
554620229
162906670
157170250
19047391
111124216
526000148
961846484
871241400
67096033
14843162
771923522
770840544
848616924
642248024
416176662
214651760
214364866
750642175
769032551
673591556
893089554
296742822
360580109
412598854
706286346
387150448
478953897
666804976
966169353
723217303
582889338
934392780
72646369
959973635
845442233
495173564
539062014
482416440
367972422
314004088
653287206
373076564
565211655
100911277
23563049
753288773
489837829
97891125
227580877
444455502
159222117
210196058
451797387
890048116
573423270
701256875
247547870
845284031
497118569
395798904
306600990
338738977
94713069
19345072
786564039
949159860
318829779
822488977
930971606
315924402
309551748
382578235
560458846
493768123
169343422
679962621
268116412
291831101
234107881
126125063
109367331
635728019
638573590
88747140
1304966
511454159
274547502
111195793
652476309
122221250
986356899
329401237
630360786
416129928
883550130
648499738
31906384
32388267
399308996
49016972
276280445
988382159
341348438
678791669
805146461
352898622
273300777
150413727
736575302
858506826
477350337
425106063
806422322
832378017
374653114
921201424
990159383
611107662
552606983
580248078
291524067
937785546
578199453
451068659
97503654
963870958
62073727
779623195
963970562
23711434
127997038
665501482
752570067
610583137
198103897
151382455
767440491
859964013
934468055
142226051
242348127
591215397
39334708
767760327
892839140
429528249
557083801
356114576
348455898
492822693
99661241
104393715
111837555
813728314
599238178
618905107
39820072
546006083
88486565
314900606
3363551
89778422
50588266
257026831
716366929
695849557
279023672
734267
135209397
690725206
804963660
545081641
796326331
247307796
782133126
108071853
323084513
926113622
666145349
97666188
810945326
728486340
726256263
93682468
415275019
230077041
868065882
784570234
330054161
501338839
461186443
260091398
670604249
892314429
290158470
147850851
213328738
992034293
484317112
604359642
832840507
478397430
225865903
159444623
267731443
919457045
986234953
713750695
702115931
838828381
176476518
314432765
711695602
18238282
573972364
90465060
282707728
362544530
456010915
441105884
536215344
828487012
274282799
951388519
248231401
214983224
101583670
724816305
162994397
282789813
304547125
596086814
708951304
659742854
190656860
276783922
600309012
824223505
824620644
432114579
541024770
175248772
270265111
865706017
816666566
83608264
783758294
1010843
959823075
777396533
666826088
320655953
254239891
535442233
589302530
706547023
200233699
252768721
881935045
919048181
601909968
309465834
123202689
739967866
186100909
942493722
50546377
605766270
749046982
376744542
778488046
609073612
599700081
658893598
38738162
362013793
198807725
653787189
89091099
839558640
5925463
382202463
953125382
330258327
965656623
876062996
648612348
217673345
145422665
718859849
184426859
791963213
87824029
598308603
993301904
632256873
685277185
537709926
507626143
306598922
166000820
875958040
361457090
450019032
763987882
912809389
550947758
96623307
261337611
169820223
607042231
225773493
868709035
739807273
204599130
674217360
245579475
454860362
379795433
14337572
569503636
537279070
412168971
556808346
622258853
514747953
886273483
37015548
602513237
294792699
882296627
490649072
192256608
234414305
329053530
557596477
347963203
830266292
635737844
358038621
210061420
482309744
528748944
377516280
916823691
90698172
54194798
685000644
982535792
600722724
901903895
362145176
874180402
813670308
912712305
182781206
106248650
476471898
41306738
24592094
453326448
323433794
489384392
179033502
579756389
623654005
264965458
174462971
594872618
640632996
781262645
317450505
707140766
519168696
720565660
308190808
262051609
517707011
656682156
391015533
937523448
852381899
117409443
660837567
517823090
384263335
577957590
11454530
635712945
444134625
886158760
405614978
80556775
532454643
72549532
711095580
471590866
77986764
345458486
662923580
433572077
373949135
482577489
185957836
378992979
878577933
262544237
128774739
295901780
280801058
267599605
866743203
860205958
61590591
631511992
480369610
173343436
477598616
406133897
503042564
934704017
909134018
549075967
256334838
954218442
321912037
829173266
217706922
164559647
458159693
820050170
201825211
488934662
130720663
446105382
710368193
450816512
511231467
548483050
188029552
104866377
179000998
176990577
195695742
218095445
974370126
756370304
755096592
426158967
9151775
892111946
202127672
828374907
606975583
143550420
807453234
442686145
570275469
866670721
795891702
123968378
724901748
976082985
434414106
980727763
780098385
905049812
677153324
370760156
573325165
155216364
962018835
217208259
402864240
695290762
147568853
655460932
157809232
856064991
977870348
877969249
520278622
799738494
459198406
124648281
272171
685512746
396448613
230452977
244522480
354902291
994874539
20136967
799279714
257243087
592081865
893390183
285420876
330066161
240052442
136035866
269715935
853655684
688074779
422578245
602389548
889822689
74018307
135384036
69322682
442535851
2858003
130099859
948973223
56079601
983264290
918913864
740168636
295757940
323647245
325061315
748990277
595957906
337436440
923864279
113951693
98455286
575622642
365590139
306400541
57332594
687730308
580371818
325947710
795773228
355422925
328332297
589254590
707265636
137761630
353822005
848322614
114096454
533922682
593994184
270345214
20137586
810763754
417189681
342064809
746830220
225154230
877895036
90435806
612546354
823079167
584490431
998679791
425971165
37335619
981697173
76631668
638782104
600253484
736278503
359833468
253008837
614893892
535112209
955077028
835808733
22428907
141332266
149607734
821800057
816864276
169633418
582595409
127553253
608797518
795409999
172697430
584342767
965196308
55497075
891872015
703144228
746659740
361894871
795603247
832827281
964271044
637993812
398030079
817467841
915504666
550926234
89448874
376262841
641162309
198299906
518427146
21467310
77735758
491111662
648765816
119875800
522964100
313982483
337487841
290131282
222502676
811345448
696419075
981019033
588654452
616101248
966991418
116061935
873997985
773843999
324821435
828390825
794116468
391576066
427440639
812223772
497640339
738026299
507820073
357598739
724069128
21979757
941845897
828659195
799331420
555554165
946892358
349013364
46744754
606189337
925344248
812244000
614691583
187223655
16857465
362708614
186971999
790496495
315283302
128190992
428787865
732665167
796011329
675098360
171029316
104201454
94323331
364148770
363212765
78943146
12881117
122630363
712124360
910501588
886298046
228845032
245647297
759196774
50274439
926795100
295134080
776783466
972171771
967887590
91854273
450775817
638162741
941454624
138597202
935287175
478721932
899653224
526346859
623387996
271085579
34430933
325470426
948804515
941530581
163993875
892510311
684163634
928321450
889535882
636931931
910908065
306119813
751370252
78251815
802316916
473295256
418305950
862670573
142998794
187667756
241664465
441378661
78027971
529684487
321038440
33358752
344148406
864899301
150975458
386359136
148753731
443105704
186692576
100455979
789519301
387758032
877184536
333029258
865430704
178195369
850714995
776460631
620069946
601771177
481586790
15984981
222010727
186077507
956674294
852329126
243864349
369824669
881479058
246032349
870217739
60923980
216527860
900446535
326272922
623683734
345583518
192800349
621118891
384057610
696696962
210556018
651164566
809014663
600307485
832650792
94884759
675256348
15149009
313572645
975052800
551779539
700183501
540028956
267380514
891451596
174441807
432465973
757750523
933232034
265817341
194807609
675755300
880590813
330566287
192422411
138127271
117620495
596446862
332676189
362911202
104890307
264499605
219263177
103532743
939383905
117483530
311833852
324875039
177941325
864408953
50304952
805921072
689139793
724071420
374700165
322091193
643652728
134658192
596795733
815550236
693516620
99924015
89629099
485096676
291458432
186334478
592925352
667973072
643604924
82865249
653584054
256601357
517422489
217383287
615988341
389713341
795271379
177931821
568738248
602063441
120757420
544447348
613631384
321231378
381513335
681079404
788029710
836078371
745992066
661430952
157577174
51943382
788569494
883988617
609181110
55629365
523584399
818024284
537422828
698480646
759355025
51804414
301546474
113043023
964365776
886520730
327544753
614842268
450549513
273555026
881172857
981504278
976073081
439129237
189867315
112346978
607951810
262536341
7866509
629550670
629160438
871385393
209619620
177200890
280241641
879784814
654397747
548462287
678462015
92668221
99487377
405833784
646095225
553253471
12944315
18865315
450732064
834467368
804387855
981787403
887570684
840139190
139762529
921856154
727110559
854608416
421544908
290830386
331959787
632212599
517347905
962880109
47391933
317554499
629732426
822801599
309778091
864348167
528633274
201046702
96603956
739392303
922432489
881064168
81285131
405526505
197342778
37250022
770965098
205433052
368838450
611771793
874295981
879450624
404899724
568355162
982879914
572075035
241149886
381371126
564430617
571937741
574969344
403484457
230404404
195639295
394734447
665655761
338093829
535216223
197343815
7816621
850229276
859167332
647650802
662153343
773591691
339193657
400395334
748987709
460794815
908850220
188828540
336029238
875460154
412879138
435695137
598405627
358501625
851285932
879749566
913311864
25658238
447235986
25068454
260981001
28418813
272600537
26169386
954203412
725034681
518071570
499304827
977394181
437003641
346258373
118602788
311593065
116634294
86528761
937879808
603827938
352963595
233604179
664522005
630630209
524963084
131580753
496256891
965329075
564098137
415568350
576683437
351941288
431927693
289230014
973847968
303039390
241107850
816917598
631011538
345586433
302661011
636384291
646406806
191796287
898584290
875200441
443042722
783350315
227309939
273663629
873575175
607096178
939844360
671117571
393569418
328077081
505690660
155180467
715627268
476109487
294198475
945366959
348895195
898404778
860554216
993071339
33842753
329704625
59504013
59590456
919416388
447695869
921712576
691696495
314014122
660097967
907337508
395593422
595070196
775303398
154115808
153683352
578464268
729701505
855615709
984576698
562367489
60140104
391245448
674005602
784409209
642491895
312871829
393432135
226890420
657756054
970578692
335023234
248424481
853041051
270225742
596657092
443382232
722801861
982168303
466062893
926278548
372788879
321388120
475712410
722536523
561697308
900552591
937579148
461850329
494298288
63576262
946261157
930887778
32482433
798396100
989586181
589610848
706256477
548407197
246970827
507227917
951756708
844080104
85074481
130162157
662359257
765276520
716604991
706595380
265833190
517018342
119240092
829306370
274491208
476701238
544173288
748225196
237782010
699056986
930356563
125786430
632039616
921032131
148912494
606718250
419444794
430594445
893646237
26161828
22431172
30099680
811924912
393718235
226700102
959079325
80307786
726585859
634410999
68601792
376995987
175585911
979183819
463036806
728506203
940249181
181102020
4793113
812770492
806576439
207745115
214703742
21880287
423354460
707740573
672635997
507037856
7703840
146856479
812363483
679772168
846531204
428925522
502279829
650121904
950113866
671509328
619676855
98790418
139193059
285651034
156911637
833291191
843426442
454300277
320503587
989910956
689895826
381832807
383278127
724783433
100596414
632549960
269341705
148259440
32142299
192835698
950847992
943045104
535197199
963260151
414416031
960760392
382719954
434136194
928851387
960377432
838528252
190426243
15371702
328333622
646705020
280664483
223975242
343112356
514133193
221903499
351443290
902730781
220321829
196690582
940797101
648654461
317067102
458740384
507268104
289426621
705727976
650963266
331823833
669446148
780319485
645493799
160366965
283500454
961616657
568374420
621686486
618712938
364098053
10374684
1046565
535720362
720540883
130163692
375190620
848648550
119369216
527907721
780094940
232664793
545946380
290722504
334265993
212984149
702766382
288116838
298030962
624787034
466854765
202387904
55076566
267898975
512004922
67609537
592117936
34649045
803408171
674077657
965898618
637463306
668054684
87446461
891799010
366425457
957171168
301936811
978619402
24903976
87007203
69162945
787987034
879455631
553963449
700815636
674391493
661579482
249205011
979921415
462088429
768081781
315364760
124758691
53510055
134177790
379124209
262903634
183661327
419848919
646029639
734745185
623738186
566615563
871342049
482968014
596619052
75931376
338309701
635146325
188351318
493905318
2668002
474331555
267482613
810951810
757712870
336104120
829890949
487305478
533307474
811243607
240198387
14947307
839633893
898675853
843539398
192171597
231639158
9277922
878690409
422007617
381426505
381147808
760254986
897240521
143293708
174778060
940860225
31645725
334934822
414986226
966812934
248153660
567181795
858238293
422048117
724943476
510351840
340676924
96457072
837062027
366017552
84157104
539849086
495677487
424183630
143295830
589650345
679907285
228676941
90193547
635793692
271981191
93019341
924582134
577619412
114428149
461432093
215740823
615150849
747679525
643497317
941402388
482314522
30367965
457866923
120803201
897168131
437514475
161434076
524769368
946580144
575819306
502833829
164783194
729605861
875888199
895650033
583366923
892566308
746292453
812837954
670251731
179185458
716864373
279242463
257107236
216861892
320713493
215111768
862612066
607061860
314734137
288971547
120953074
43922442
579139962
229812792
850082815
995092081
915172020
717073866
572763319
796858128
63487185
825138594
815174481
689604258
739503731
525566997
788724095
601341465
83168555
547877287
143897427
588564811
169935469
310239248
191395425
282726686
763426331
27529998
430711630
373866850
138204050
413778980
871856807
316794941
735473235
805643033
977539922
403596066
23352489
799256103
552951036
591057997
423439900
208595078
7250247
709826877
75283422
346413396
309740644
944701841
545632351
468257499
123569174
677364522
54419449
807764700
863984787
508280084
612364252
308236140
23725741
486681502
119261542
132912829
85902874
571985358
114186377
429170299
184915969
631839224
348339974
349320821
343080763
367871924
536089065
959224001
676938448
495251284
267475053
221426244
574165123
686955308
901587620
868723351
541496491
207896672
639301158
256487360
53408405
600216410
165902624
362761713
871224245
196414427
471597742
461886690
336239794
744190085
614552485
740837401
687577153
208053943
58067964
719982933
691899818
377819018
34799635
244441532
914659658
706422115
522326337
939923718
805240733
170474351
950050550
14553326
297776942
713749707
133950703
933484018
682640868
283110379
188701502
315108097
721416695
318461042
809133097
659497910
660191409
140739838
317289101
102375131
160111997
5071896
975550079
970167771
822494550
294638627
716264235
304294420
461814542
685700411
248874720
329333851
439838235
688380900
563860266
987355354
758150337
405704494
34533310
276266378
495094507
775408712
991592221
852585296
391511461
879159252
403528914
702417145
730926971
622849375
980582451
934236510
362098893
785733729
916463567
129643208
66107549
3270783
230002681
388812967
505739750
916628875
256737382
862105748
324884678
329452703
695963339
557491061
903240530
85811332
138439192
817748337
844048307
117051661
796857752
188965517
926171832
786068509
463709798
583553936
442753904
260117444
45194691
526036777
160407409
614985186
244948553
159906462
178223704
835612684
142222223
929957623
154719568
27855026
947626274
972438224
278184533
446294048
960144149
635828843
787061142
206571383
85680910
146687760
620459830
739608764
965940663
681512293
105115834
436991289
860206387
950518363
161609705
42536471
9873633
75463333
596079255
217179978
177608054
830004794
163760846
634843775
849258880
453565987
676748308
645704450
424554240
156590844
793631193
740808666
298658752
823788509
694397277
927627247
945970764
546105505
59439569
374861275
466565247
10016136
730613043
350539434
28419171
401652095
383033598
348495165
272942681
5051376
907763894
423832739
642116721
683410099
83318118
82528838
395264805
536082295
701654364
941947184
374431450
452557011
281163511
261513127
815194266
861857788
856501026
994682251
301148774
234377801
459392409
242754560
514997688
979452352
910191464
960086498
654363053
347538112
148042087
793494754
242326383
147987686
902714114
523282716
352674139
272826104
542625774
784155245
367301351
18931201
759190062
120311848
54222157
799824443
613844299
355252414
280545191
29920886
457404740
563750870
57651279
783371616
224543909
431681736
22990727
752872834
154606277
119537538
997336373
252813299
917911218
45656902
658174826
430119598
49832302
418713341
14716971
422417585
33846619
44616754
12491682
615469477
435829447
41117088
799145557
999094390
832227532
997105128
737291975
304629236
235987154
549001851
808098480
370953828
376642292
403150203
580989955
786967272
896272178
559624076
306351490
859477163
628666224
912359023
948161772
844537238
611820001
386787697
449810305
470491549
183027861
753055868
839061082
914882018
796850903
513153123
774468440
59479533
609619933
208535303
960784186
403650161
102611612
528247165
486648287
765030672
354525966
742612297
520488357
982369263
286197113
760537157
696154463
85155401
581322638
226173511
305948822
407953922
29307791
344751936
860975451
337278600
558974222
15223107
843525065
67576029
229394465
945388785
659693418
277117011
396066214
372809999
238272751
68277509
393755595
788745292
701576963
815635135
494861047
958231571
135316428
968084854
307513581
330581230
510450442
55783711
729887182
400294133
585380540
467568147
704279971
823616766
160431993
93706979
100261916
288201956
710889620
411884135
761477532
188655870
246381729
237900613
961874605
528367921
652682585
801304023
22013708
905238068
672764491
428835447
398267214
386977661
345272327
949123573
395163585
845166365
867989062
350658046
183092912
186165905
630620525
759706619
144436648
581548256
666522804
986926659
988152203
931709844
355788645
20235184
11462270
752688839
232992591
71744967
933898690
645795425
895211575
829186105
977166609
116791611
439010909
497318379
629081277
156820392
433520065
819137411
229381761
582538764
142837556
308807961
873243502
979565616
276334307
482091314
541077041
129417490
340864305
104783635
507539696
56924441
39419189
813012037
696921526
31834074
127234720
512957883
259082117
668073429
587947591
142377570
256302513
57480666
93054583
927662255
120814154
981829859
981441296
514997591
502135323
938029076
342611918
532424195
611734962
306089093
23199896
523288939
722889635
914430682
625155520
71888226
10692410
97500158
955709025
408719765
927742788
483430853
7567104
728386008
894058337
15164046
933195493
445624423
974131964
143459416
873847304
538294640
857058623
636688264
676001055
944596695
251976430
64008055
323140913
84261388
905332381
150401229
461200836
400778137
956668956
667124453
75867809
773697474
651087087
435769122
697265361
35538455
41129231
250869031
128942479
269608482
871763588
186819148
213094731
626022186
219216335
380050339
132982326
245350308
548046592
440964634
592821176
789506260
76988662
788319030
51858761
638500353
570868443
835595740
778750960
619824144
10641472
372190265
607680259
918765956
935610887
971495513
775525920
302646528
180624462
121591439
992932203
534668046
671567283
175245337
854598602
5609879
257455610
505086697
774582424
744177951
560934582
884656899
49653864
667371935
189553508
468121640
836027583
35198504
442801577
56426443
987702334
841393099
197791583
962733310
993961796
208910882
259907465
610717321
560107247
679309075
467751718
853881902
428915109
36796937
674605430
576954740
257453002
821896400
732198161
989274688
787029977
301332799
734904632
258327079
399562196
674593006
876489878
631485755
831580764
955924369
114789017
580929821
836538833
513720903
46010697
919408198
197103766
807607324
180742722
743866739
290886985
420299885
431219048
385160916
583050890
997378083
319744957
585555801
841652780
793342954
410920311
590340670
449293407
462691769
553125254
314233767
850346811
174570353
865338244
920765671
671826084
824350995
702516012
706749902
709432874
297633615
320569060
522349949
445032867
807168903
557402610
321399786
924224865
374753288
567460891
426047107
866519994
853323762
778109904
994926565
894684703
602782339
166034354
80488553
491874493
92153523
952594169
934090616
878569137
831664870