559915182
777906539
528784569
134680888
263231189
533041065
795373157
519580335
350569981
30897320
87723185
894140962
492551854
263029584
44692913
694746792
257201278
653078910
926215380
598353186
590036828
134277242
308955686
443833182
163933466
611384610
280188410
113570270
415336462
364958703
223399719
524453672
857849526
766730495
14874272
857806458
822779176
201593105
335909176
831607431
117690121
952575005
888758598
458987963
948090552
592468253
621893558
883894783
498154963
352537425
835787990
525503292
957664851
189235385
104379698
906102108
626346400
390097596
929638730
793549548
556334436
127038539
860417363
816410542
412495226
76246516
311832711
16124684
639301533
101756418
275833162
551456134
560695173
352381059
333904028
845505992
735064282
459967174
373428375
396365641
574719320
258275707
931428571
479143779
224945649
535192059
197384829
713112089
849067497
91511562
926828348
933508933
251444888
336517194
339098493
525583398
528180945
255323552
10080274
598416620
680389217
488710575
832844820
815878067
558718863
166379899
872093584
772953678
430132629
540221575
590120889
468101610
211378419
26537600
571667633
681595940
157452514
473982442
318323807
554632865
807532287
78736626
482822842
396056910
18473753
989552018
249810174
735785756
781209954
979710687
996586418
241327937
847420419
376908416
400889702
149020426
943938921
114682930
949141410
875301836
963671959
141576550
20439753
480395334
407336430
393364898
271341365
266431306
712723094
454689724
111580958
599332134
338937072
498901871
80334492
779077236
994696714
116683440
759307280
86463066
244838874
772137436
373034629
224616047
506918826
837282271
610505344
498147735
685851125
319418443
100466034
107884460
422750099
602542892
892998414
944520234
279736787
214211432
382157216
393722874
466935115
431309805
177949849
74239221
476243277
438658102
154145698
667301800
648094647
924284590
360757371
199146325
823247
876421779
315106414
565510020
137558038
938164728
738673566
222975410
965525641
673450302
676658409
577548844
444314051
359395642
431838015
358806123
886086061
548669064
889671057
426395813
946912610
809126871
127384964
635886693
718584145
671428482
344684461
430360933
449598888
560414855
857852041
845865234
123643050
73782500
420027908
680322385
95184111
367881320
62422478
846860467
932473922
403238103
168445967
340784152
635646635
116284033
410724312
926889118
760579302
354700168
640084877
40087027
277854243
135443609
237079153
248048866
175266444
57773434
86552272
793882055
429857352
551397082
110660310
154497172
883254938
138927213
421130688
715019736
768922739
414474361
214704152
25048014
366966664
288229082
410428307
640332988
545798041
205969579
95830062
770892466
167037270
416062080
130140237
691998355
220649527
876352735
667447383
267220038
79073161
9422380
291844811
229471451
691417055
217890322
782042157
774729292
41712261
639217050
210509542
458496750
967864581
55905375
429855919
117249050
169139898
907028728
457013685
676820749
944785368
586308354
793871122
668619254
560788193
769237063
475884879
830584228
451817374
11107645
140576062
375583331
583089101
696883861
166674959
667625359
172066177
123390079
310607376
588876058
60112255
426895231
415493885
580537879
528365266
248237423
199500345
548716777
317480865
201553023
473566258
188586711
303325856
42270752
781781342
229819740
599277967
404677931
840501007
725698870
839050094
143089027
315763861
884147487
409718457
100210320
333495880
746423214
356370186
558985562
677658028
308166015
717524971
976486800
85112020
521855655
467597133
648257362
945797823
482193876
593444592
954547733
439201604
142018687
833309870
926596853
15619313
132102506
876922249
684354423
572920636
287811187
685988050
860505732
685960944
536392324
955852524
772926919
454433714
717534069
292815322
187890113
554729008
209447284
692712572
438322320
374380379
16615802
663748366
584074181
324064335
946198090
881008360
554557783
230376818
185495540
55303585
702943636
953614114
271563752
924871559
816569617
533823304
757049597
444907938
477090794
496735426
315495277
322539260
583172547
38756422
580076867
150907680
287430444
991891513
843238573
499827523
457648845
182297365
966130421
276109705
68091070
316945350
351994680
300219541
711733683
385316446
148005916
830989664
774692024
457035897
497583420
840531206
713225179
421080170
896880537
231426436
418212639
439266601
347990260
114845738
385735517
159300228
18317336
212742739
113862869
137843024
629577062
605149416
583364054
605616923
721235255
637165897
38596233
136137701
306421838
697068647
220955310
936736376
402173869
876815001
802447735
214360788
610348811
433255128
642969850
848829401
868401897
747779833
909911509
827641225
787250112
730239361
632171456
812080075
338267410
143813292
787577492
986146050
687210137
115337342
592261333
250699772
141268309
699440071
971321883
539789617
643533873
401087204
766047133
483148069
426824257
118103802
987453853
690068293
272615532
686632600
331569986
359873555
563943798
554977927
444892610
900312872
801708474
301992410
784367842
87750777
581454479
306124987
74052430
746794461
752002028
77488859
809314599
947370629
952992738
557860306
351222733
171325277
194354510
392505531
35234730
970336610
552591055
968095138
533963120
876043120
122223086
927844910
468277409
3441857
407659014
195314671
898222782
962635621
709959776
247886417
483028303
919672992
672122595
890898961
867474025
818147247
106918188
481813283
546774847
878485685
343992555
923059730
445273292
388086907
478402461
469952900
429566989
102208315
385468179
59069552
804606502
38435261
474398633
460787948
279212241
93214208
385833226
141632513
77000457
817407686
742508681
186515334
442379624
695206297
728238235
291249137
906235879
254438569
465388618
890300230
890779869
490603779
746539625
712199522
808875446
629235996
561099220
411132642
18404583
832953198
945036141
547962119
427324652
583723214
847739123
128390013
270500008
622038766
397132624
725406063
561090756
454042307
592893963
906760105
916009268
276299698
605023990
31038785
223401496
825481875
638154783
862773528
816867339
21764048
321776136
392684951
108362128
738136774
422153102
687038108
471245781
18638410
327288898
530616219
822596625
156812312
640766103
72328107
162455634
252550899
465642747
802811397
195137184
209886370
649067224
843903987
679874438
988334472
560207645
309702969
572588338
155178938
410072192
113516738
302917899
291496139
909303500
159331160
271423807
626210124
647605250
777063068
480806356
635684121
27649860
867609950
748554369
569947021
807938846
862403603
689128336
128971248
999234230
524795293
300191098
92614766
333141282
569018474
768373609
99783769
287716612
96812161
589209678
638379766
939091800
35046815
713090023
472768395
112255901
536926418
798717778
38147670
257631991
269914766
322622861
949357808
611312176
654994404
986931840
822901906
61911631
895183318
21407035
194014589
186555981
302049743
766753468
921935265
684560168
73037179
879722807
266829288
927637853
44394104
397707207
113031208
481912120
982806728
643772202
333220390
681133472
527079651
922327076
42286699
682647128
455816207
6286906
776966266
984553592
533670557
125176263
652292067
435411003
296032
257520390
448743075
798072448
955691444
186344153
167241963
846544485
218638014
648153404
38084982
40027615
679908840
455785190
219726908
593732955
338674520
983353762
445201077
961080254
731537553
932722600
16985392
908581734
52052108
857662291
562953546
868759435
807571181
780943511
776373850
439612184
600601773
459909234
92120811
134855962
190221689
782910418
78903842
322127843
981790884
363642608
482463249
127082532
47577148
525240856
62023163
41022951
184208772
304392788
774529411
942538149
8033784
557712708
633270561
944233889
457078120
382644210
45695644
554767154
826653845
33666021
898447370
480156582
263324578
538845285
657745231
357630182
705238072
519537567
30939526
473870840
795905032
171852155
544157853
92299478
467589329
270143704
716634106
248161213
881606981
508532576
127941925
626827021
761808778
788935824
418622402
821567203
322222240
119206787
532915809
446310126
317500727
135213337
708122649
65692498
471866562
411902676
349135352
845711934
323213793
385173421
777034800
985785163
825338272
460610279
171650664
477507549
409144750
101576155
718553187
684238887
684330854
705786212
971098627
23541492
963032756
959954008
495101128
937657266
833286883
448600406
260359543
32931767
844021046
19490055
732638262
911948270
16040157
318473111
817790477
80123141
431963718
703756519
349578293
778371421
915622705
467147797
243270881
104472866
980818367
601933400
868743353
521923450
384321038
791714386
703391251
799034713
256698774
235176457
843405168
289675987
950692474
88597918
930315871
446411561
333696804
158202578
745041887
228664588
65238143
539202247
738492713
702859175
388903335
699399642
142740578
451379790
898628156
501356342
698482197
945223046
366299446
463602130
488535672
437857344
355640120
533933410
974596430
651803159
792230797
863915866
931971659
290758984
95061789
392000234
664793071
390944625
202076409
398252662
418212675
653790852
517536867
273838703
679991787
722743977
716958745
13319613
815025288
984533179
343221447
793516113
276474289
226597717
636281760
120919598
905944673
600223656
52275500
734222690
639319870
184604982
646654120
845301504
752766536
682085420
277212995
966574138
767011210
296325444
674297717
434297743
584143920
493709429
990636772
523230024
102126252
536200562
273734357
797425810
950672069
157891234
969184764
854554148
472229856
662835112
995619469
840650320
888960763
141245665
838226100
93827290
454503538
398798212
808125503
567276795
459652528
558363810
930751606
597610594
522882551
974587769
932708763
450409087
306470733
811924974
329613351
745476137
416366501
478787629
884423967
683731974
380184607
620141790
323003807
220016130
562906477
117247040
911992313
654152195
255179087
15606584
644670819
588854251
588842920
200406452
419256650
86677280
341345566
167599293
97885913
532134002
713923002
661370673
830365495
611072475
47277639
288531510
257015569
49307246
631769087
538280252
809606360
876004125
463685940
545376674
13327391
867042794
39089691
156040197
770892091
3009517
954364776
57159074
684001289
340313211
383729153
696048401
905230997
491849544
452829715
32129556
86843193
566713781
575403730
456088826
154491366
642782996
782455857
429676295
188730146
553618649
867469021
638689380
155733557
973319868
405060256
574234820
167278321
706538579
515805023
918113725
461306910
771878754
528211466
33478065
163257628
857709578
455880279
944283394
124986879
177611987
132615884
807465854
854145840
79652077
808531488
929785237
240718319
799595917
410175567
717720472
423114286
910371072
133006609
624118200
558516650
731263037
252386535
762225707
914970596
573315251
997335310
421199764
854305352
560383520
712044233
616720598
774562519
703776237
131070018
366854187
786811454
236212521
770289939
621531939
963376653
182118363
453936666
477523060
207215982
552122697
825410703
254630062
580010913
864679931
549306430
54505526
138497503
212875598
187641933
129563603
664565403
130973164
543188939
474300381
733937395
591546666
897558534
782982852
354551112
872523084
528539061
383448879
59479938
429721186
999519266
757468053
344225773
646737541
414773618
849786875
104028564
263851231
596345446
10109740
803718038
88455603
467787341
312905672
208007904
441582073
479877719
272682048
192061305
866675920
42575471
669501815
275042573
585120390
873620369
104000457
127900518
510540380
905677964
779344345
847664520
909846818
317667742
864070722
805650781
782541275
349754396
872862358
228517208
21680756
313078359
114245452
81220476
707921732
108541971
850816446
478811479
606368452
264330895
949704767
75045268
129006932
890226377
403123273
638880235
570742761
977722554
603769741
497061615
577741930
779423974
725323548
846375791
186348247
867062802
712415365
817473287
63039076
955505231
617776173
879832194
933276437
583129593
616332863
923532911
677786978
454557127
241575985
632110003
724753537
158535364
29867787
978867582
218116995
441002902
843005144
48879278
390913261
947849542
492094502
527394023
52447936
99243503
656208927
388404260
36503102
20587167
561417472
498008225
395084420
960487983
196473616
110147298
357965181
51914323
235511422
404858542
960966253
67857107
982219426
155531667
141351489
664778981
262915618
618660312
537028731
508998468
985420018
117258817
936560626
184598858
526005760
829076525
327083943
853502454
623875094
854054653
223517384
263658674
956820051
338616216
835976529
592157370
417813399
428049040
636835416
619801894
870150689
656947603
939467297
725452302
205509758
641468437
194759309
11502191
113192933
742418701
698256908
448536275
823440420
498050673
861215527
80517685
314198533
762669740
847521768
187747820
931737180
684782438
235422862
757610154
888469621
644585045
29379708
764515222
982987182
816562479
864592046
303046516
181661521
87365586
330471883
220603973
100689598
721099057
547438938
746095415
893623871
568239401
682590728
136070808
872822589
104248698
157973634
308026753
721767063
887107686
919365859
452353976
247814519
894101873
358217847
232353062
878945366
368215931
487293108
507250787
630222590
889385918
430032883
8243977
39442994
859862632
452512181
930507018
610604722
357262540
534530656
543508286
914651645
641751291
196587118
445021085
182945681
287453116
587851218
959324487
209494395
459675541
14994694
676726110
284826843
188843406
712507884
360564017
561321730
137171884
411793415
826624568
474657937
431309289
459202328
433233733
651349332
802023174
340051267
346768762
966476564
956352960
991142916
626121512
132277413
500545200
134846356
523755768
947292611
650797590
568122963
676221739
229578626
605869183
43223550
195539412
650260774
255506823
239293030
207509581
410158154
403792767
288958702
327283625
961836960
399082863
579820916
952496853
119154611
911267359
172974803
888113255
516853603
71077503
706835785
283570753
18025978
992742308
360064225
610445855
993843753
641515637
522009476
964779833
140183796
17508951
629182043
512955236
52903433
465001689
495125856
577120448
983026840
384777357
546329816
135293210
392276138
87801050
533204606
457557348
301916947
462370560
627833803
213773442
538676645
794158864
143208047
170618443
355981624
106129632
524984088
853551398
762106448
598908346
885648371
460843258
429193194
752645011
544863357
153577882
814259922
397695283
509921297
72945695
842615958
836434101
638833442
266500647
201592863
507239278
504277665
251751377
549075573
493087913
19932956
872532978
627453157
674166818
539895677
431959217
126706023
804408723
539110332
43933473
679116636
978042208
738470664
578706630
144039251
803766771
71527470
775371723
509830020
593024025
93841302
570435784
933464991
758364979
616797901
376053013
29087947
812826543
256931539
561201160
847647707
197256904
512961597
201119646
91019259
176541306
172729087
307143650
658838496
227758207
140835618
664209362
201382112
309693175
230811107
312445435
607378888
935555822
629593807
594311733
614152047
454951564
649817129
334364803
169493886
819671925
877960951
311398270
195782864
406153580
63038801
326451921
840860230
923582681
296433730
926219280
308251118
218652450
578241336
324009446
357749231
120505935
29888340
403670880
8682846
463146118
498276261
437922193
493754183
289787185
807363150
381423958
212449053
712526300
610144547
264802570
258958286
320740777
877223832
242107967
308109273
757401087
785150696
466266613
339465844
835744628
598574928
432896957
941512102
860978322
672667096
923153023
488891306
598182887
365392493
493144709
856108070
26004226
415812522
912884366
732483931
12165317
443502255
45414685
75158787
861766586
32432244
146260389
420780417
486867100
415674402
365295634
922172482
347128991
767570797
99724284
437271947
665197133
634340902
662589494
225560920
64389123
830924638
13381141
934222424
726978725
10113761
615640143
804134670
46065159
56140689
848776688
935650686
590765152
314206280
246776088
604000372
683037434
71608070
464991359
605096464
530142799
323474009
285889667
360166959
376660310
325570012
767495625
600446598
605169571
630366543
359126644
819450243
642889507
741265845
73804886
766311068
436138881
232834170
68995193
833262623
571637058
244759134
488337544
182800685
684857959
139176211
742393890
528528922
876887230
384322434
750746576
724217618
746671047
225588942
712275037
601059963
354174264
245930537
835121774
954101547
574491067
570394537
159255646
545115873
619489523
386593784
467665433
624628757
656833884
715850724
392554883
695850408
153138175
408026299
415262160
349521834
398276921
935501909
161124725
524211327
402250901
112327503
167798444
85520474
170883785
830455985
421835129
817826825
306676095
734316785
58493997
47062184
669238021
329928102
711399822
492706497
532206074
956889673
314605940
323916463
551448371
395383797
106584452
836550431
86458659
533032471
545675112
654989151
363095628
451238498
835679634
307007512
368846656
996682694
198317574
52185279
390776731
738633856
315645302
192620602
767717535
843917689
676369901
890693706
198251849
977739726
400950496
98838618
375639938
307796166
512098818
893066352
230107219
757792630
593128447
640892889
949732500
961493654
627563036
398588760
164300626
142842438
848675042
164869629
278083523
487872320
639671187
161463302
532148244
356567649
370658627
370987546
525698507
114164263
73739927
497230929
995221007
531483206
143963164
86069472
474247718
353784771
141158615
576374702
800640333
675373817
612498506
277586508
291492822
822511389
845021058
764743712
102709615
827639654
370727252
327884923
284392129
504691176
668608173
356264270
651354948
411491644
160766944
428956926
538255814
366508650
773616072
863016820
270591040
187287092
903380709
849678361
117873792
124904078
539106280
626583463
791680011
876613096
631800760
848232921
218028034
979565062
805924558
715919912
702857996
446299677
297453887
291684602
523148475
489697569
13306122
449532319
555881578
599141252
157938572
231021046
491613603
366619794
200785973
990079037
118793692
922118672
148536038
497182233
89174847
342310505
612019818
205459951
810379663
620793379
925008406
229085543
16773736
765303796
129162425
638327474
223711283
321586230
349058318
41032006
865600269
252388012
210991168
321847030
88257722
922870949
447977231
727936017
176395150
697586042
496236102
25729207
88631125
300306917
696364631
732097043
87248002
871445850
399585354
171598536
263565546
907823584
331224381
372411747
282439331
258945499
512273946
573756549
676400234
80179472
395161919
896957796
297670472
816431564
98533463
429120279
9332039
158309885
813674845
683415976
463348949
678325442
814091093
73547090
559645072
399672392
929346486
470602335
9690763
328572605
161303556
24731300
698648763
856123248
959721535
388863358
58487686
309590487
79567080
422387732
534467244
292880845
835532349
855484683
971022757
166521130
221747179
308624311
171875381
396192806
439820567
336218641
792855974
895103737
880364100
477622295
594362257
81152582
376371966
910397539
336186586
973653640
176084144
84528213
790784156
522537757
386274501
403128138
548218975
618154192
60434866
262262550
314975972
961955642
425920340
826846481
562388591
315801000
124262539
852035508
786546300
553858783
743255846
774520318
85955661
489295184
547259848
73264280
547548609
19394670
161566311
752419650
28990700
917093385
612314884
534470484
816831386
866650433
987996066
516556707
136156937
398045252
928368666
507627353
540023992
565015129
833246211
477755670
547331282
728959851
950447678
523424051
714078970
73245164
421146455
912625206
80594920
450842900
604327692
361777031
85150132
259420276
33539230
966649944
736546407
375674851
25419266
961946736
883480121
333819161
520279444
392775373
170854285
810507818
584617833
828047665
274876426
991086670
410603678
824359373
972575524
232854238
978804410
472948067
492349838
681128716
197772501
702021149
419111795
711551460
796394194
888042509
636469469
441743592
787377472
502278142
269835846
584152936
253017416
577618555
871811579
687283134
133606923
5287770
46024568
484371145
303948449
808441661
706400711
516527223
546309227
977537941
250582409
630686389
321722179
504648934
54581703
502344827
209148225
90303760
67562261
634287437
769986274
618077726
771126840
923191145
53835932
992320382
959366960
395813966
751290603
681319836
924955131
296014450
278102232
762544420
595980494
628887223
589378097
518588181
504041005
278214846
686292690
360305128
40367490
95535568
663147265
524278480
816278496
577370809
835449527
77973385
815339969
19839371
564469716
175851114
21533799
884349318
662005180
851961425
216205147
829024485
362304097
151773154
938903929
892781481
972764346
934083168
906372883
371227488
245203303
579204830
375016172
647651499
570164350
632061311
71395361
982267676
924521824
878271622
130156390
382256839
308552302
48733295
236650770
984854335
446163290
840366446
81949384
767334821
754856607
564217567
268264163
418020124
14173092
888182936
246416990
574571347
766090309
763149225
144064960
597290715
562409900
670992196
701446014
565364439
129066582
931057801
521655568
335275499
296174027
996737804
549755628
844652476
339797868
380471117
22646835
143815763
872789983
126215097
112621258
382384707
602077488
454352458
917274129
73610804
329181404
963910940
880101352
560551315
646900689
148184448
615831137
449126987
880993224
720494220
594985774
638087235
674893204
547936701
748982452
581251889
88400156
714770896
113248578
726614748
268751683
139394608
459117877
929962714
562639836
893205602
823426705
621466505
40534980
586523595
249711544
120231250
632615759
188101367
246073161
460918124
396335391
540743879
548604447
330222280
223635014
685999997
688622838
177800218
54775205
31622472
326412241
441401881
953266924
404190120
112669991
599131853
881880283
676775029
356901862
545207072
339465640
967414636
820796432
893734128
479605574
772663738
669700647
860777345
172352535
813579403
574025076
254883213
831891828
478175934
21438004
746135738
538420385
192845640
221873477
854856165
850314336
908321494
860977079
595563713
805600922
877066177
396754016
950613460
837120940
946300899
364502641
742214695
198641350
644403684
376180476
659899755
960551179
776649693
171723827
766813747
435640828
527715235
451668756
463489214
947211425
312452814
946650198
80108252
190994037
803358484
246479322
473759125
817529404
75322930
606132218
803976225
309253739
864922572
521692399
511616139
715701903
513310837
532045537
821314441
10556233
366523322
953541774
793478811
663619799
144701836
460886987
79778567
989575446
53268884
580506109
410504667
845904693
745912829
318860317
689467675
554846848
125709045
445032325
394705541
117263939
692432246
387761781
177837214
286573350
370769975
384577251
217608944
289489492
529389397
530222944
888521858
960102242
189136821
262580578
814184123
930508259
918557617
324294445
492876690
147180983
473473138
254743040
407995722
409426270
664183443
32600167
914342475
171056547
833805886
387440121
844984575
155757851
909307913
432330207
634556207
856065152
240947248
966627156
683025569
594131205
700114092
609957248
420695592
385795373
654821749
991444909
43869200
722729243
827189121
7675912
745173336
364061002
242569266
22577010
82878597
550555897
684318191
335728357
703817940
660336160
849987100
575526818
362971323
541386482
420527029
277432075
369311271
296060981
936672672
92993375
941337457
228950472
744558018
586777339
10185102
894382668
213932853
605351899
225134378
203817606
623115182
70606177
177372779
681787537
732425852
298953340
318090178
524214655
697069938
685221910
459402190
272651167
55352098
532051534
811382445
233450144
997981979
659537820
856001670
616039880
234679638
621401988
759118909
731514740
703171335
595237872
850603008
21411115
175451354
174798868
145132727
22095464
237163745
973255483
479223913
478592805
556914585
155740311
551081573
478645647
90964325
151270647
774118378
832159433
112738826
566701369
699132528
807703563
537244989
957125325
231828300
455548928
164800384
187741304
732755421
803834571
598742860
507001248
133935916
904223858
813101086
83219694
375778237
734792395
798832365
297674319
759233639
918831836
869538465
592578666
889244258
809075456
777789810
697412635
47675732
830114455
592533332
858073767
377598545
284238796
18631153
314518625
505309691
844059912
963856210
550431102
237086846
942615194
582985978
147810870
542430193
409825450
281052735
374402507
572096643
833664745
666734887
720242146
293530085
296406117
980187605
980273839
840645106
809874816
683960412
523802392
391431746
657310202
303514407
184743505
20891238
133357076
679522549
667187918
816408184
881731404
760789966
859775192
584257580
926670841
909783412
342333430
961851538
174203501
107069786
791745640
540522615
437971248
201541409
998292257
996603624
454382107
136928883
309526745
28003793
904920079
557397096
594662756
490120054
951956733
937567025
366578074
123910486
673026273
140273717
50593448
300030758
78008045
268587452
405288868
424344116
203017337
106294795
671738525
128126392
525762065
774629922
327086051
777555356
108873020
343118016
825188268
709753432
388904663
844852107
107921498
343948441
368726396
27882904
871106015
712473978
121567294
414520295
533698381
1805172
833914522
642855478
308629679
510326820
458284428
56421238
434798614
135785178
856469518
905517351
660027598
535432501
654113387
551918208
567751990
53349881
668685217
667248444
332732944
294902761
952079075
677277834
721845775
318188257
352189393
599133365
505320052
582265097
625210273
465515548
194916899
870805991
840093687
237148758
208374703
541301129
96704400
212596440
298181634
779764487
837127828
251452252
331108758
199751905
517254680
368707648
122572711
425615589
593088423
99789775
938054749
158261499
45792131
103660080
839673096
738758867
422744045
177490875
618776666
67148058
56993289
727446105
918986690
568127469
569806097
235790120
260319477
562492488
314444685
259711913
785148088
305740570
831240710
547463453
230659622
716599565
331472490
832184795
318034778
559418031
241140576
422707847
738288983
359683048
706712006
697284381
282842574
781224911
697363222
752259894
849117926
14895564
855450184
101455592
874841749
533239385
324177884
492577947
601559179
634928657
215733385
450042807
556480289
602057176
546070757
157246439
114177587
128796322
832720885
176423390
413101877
565091903
558117843
587720771
748229648
777736108
374593535
317381398
678045614
980232848
69875003
386498818
661992052
19694611
362388614
76949983
992691521
123676628
311287033
780004116
829732514
843637440
193167842
661391320
968587360
217038378
657475832
598103694
194031515
52909038
658799112
947100156
645524796
296732317
337635121
879200963
47233203
319461245
377040207
659412708
23504868
981126863
35931373
767012763
278813143
509432698
443578840
7911251
908975940
929512802
443294559
480230070
736356756
892856101
940777532
325176667
472708088
467285584
249271819
666035410
427577235
745966109
264631164
354530349
577822635
977616872
76254842
915596533
615837863
154602427
518666536
454444450
762758778
17623810
969128200
128877735
531795772
446629531
38868071
741218186
124101001
262340081
69482277
703839521
288490284
881070495
435489184
302113094
990213456
462052917
791844015
752279750
579282200
741203601
401178694
934831612
595524481
82996047
461851590
774204272
27290015
799337935
502504449
547957057
473585547
453187287
450459183
575727736
951589296
100770028
246492841
758652277
777443578
658174083
181671506
202823515
302862987
715280467
694014915
501936022
1818057
365665718
388457393
653329009
337144192
553835657
814138551
496515384
886842871
142178052
158251761
883019721
247576089
203002689
650926584
414736173
965465448
455232803
859654191
296855233
318250059
88392517
230896157
764089387
721870595
462158321
853208019
953787667
910183256
682244
212141383
781954703
672136697
959781008
564234715
763507366
215434357
885726072
347499974
335729123
237531371
681735704
931376763
61537122
493165543
666817375
21668912
568585834
987850676
471033622
202074068
993830137
199599021
856194591
907442725
617328295
457372095
878989356
552286561
928424868
188728396
120444213
874130787
20827948
723115407
742493346
817038429
26611749
339288021
218657227
897227334
154417921
290195036
439451929
969280888
44608390
106543752
692315439
806982429
794074797
648576292
785903331
242962475
865457362
480561939
575838426
919134779
11699042
596757527
255598455
46115854
136113507
764217720
608889970
912389140
795536545
404499520
670267054
984846399
753171480
22364281
130951657
98006492
526066516
150160368
742700021
588832862
842351033
748523397
815577797
822402396
891260806
588522899
993930641
770649785
797781342
949652205
398238701
631190658
779409098
626839919
645535733
173968556
799756862
478465143
187119563
558512251
851308653
969657018
3002765
347499382
388629645
494192280
658701143
875425696
588220261
541964988
206543036
921219754
486663511
316930108
203067291
791396754
679341985
895638776
821452288
177186498
930042199
651124264
270465332
665724662
276085568
565322529
166101832
181559932
673013056
810616402
440497862
871517774
632229517
449413294
823726968
206363969
738709534
421387410
141363543
184932026
495771573
103282505
338860080
205270701
175982371
513147844
784346369
805471040
928579373
718781013
473949846
414587256
470552506
549546912
40360592
872199846
88261146
424149929
590652497
259233150
60498682
954831485
360188601
663054374
716620282
900587061
987580783
913653535
715761732
876936153
118339099
356951462
47713594
651204387
410395423
120711093
932066524
627318748
805421357
621328720
921818549
559532716
838460651
727147381
3801468
883309849
706876084
887224716
38574135
613227502
441435944
942473745
828287330
445904204
849472822
842913550
946783776
610223498
362160918
351731460
524353589
635556234
850810307
756431847
453102162
688297556
939456227
869394282
398030496
394430777
843891928
84871772
765369095
961838924
951933116
978846356
126939810
546251895
637651317
584263426
435682283
401810781
845735662
516325504
157449481
831612731
370380803
446209820
542691427
324179976
653337673
726247229
458222442
560442708
903073381
285342522
990250754
536817911
755558209
949437691
564614137
490401232
9783700
577879931
668808999
911065549
107699018
150954293
709163114
639036473
373680735
649653678
473825339
858757303
535682575
506171208
241501570
590323111
351923595
727771804
523760440
354374510
502197969
405300343
700331465
612538818
313803619
738322896
3899640
156522944
952658153
213001408
200461467
691046755
66829928
122868442
362823792
26407384
392750300
3195256
517050630
514288451
690476740
308500765
982362837
981196844
636030274
347714163
422279162
116487699
562261726
244693964
773426236
985065753
361123279
935157496
122011337
261360435
12006716
278990904
219191763
861327799
148926391
776106159
663738727
918448192
557812388
8431336
726752619
185314948
376028860
114520319
84889172
99676700
165520425
874831800
823498702
955338500
753187280
803818230
119815443
660926479
21185723
419292782
578644946
106990702
553249452
645018261
563129972
772613978
819575472
462945822
489997883
674420440
504268857
780642624
948847935
863123236
825988815
721112593
23032416
387972580
862848784
755968946
725704399
580147121
766525210
194199276
891863189
538353825
263737885
519590419
220137384
111913864
916656304
916939216
536999403
63108897
145785331
936489382
117963695
296714669
535448595
846514084
453968058
684661429
77032110
937668814
228241523
398234166
386147518
475895934
843609165
29849845
930522969
972691451
490732753
473677602
613934738
491145200
809115457
508845322
978963893
253150120
410060095
440288624
822052748
254228679
102867873
505007041
736359106
413918030
779385404
403005265
783991061
753828047
654061477
506473871
35173352
634220263
61913461
571201752
264675892
89466276
747363745
870302286
391477728
460203222
640179927
326378202
260469386
201293621
588112094
29529598
956525934
331406817
701635531
353021301
730802813
656578582
887077083
361321632
139928921
228145961
976801349
573099826
578770848
949952923
761093649
461755556
379588328
810703032
333066869
282004810
891540285
452308988
141748336
456417782
56075028
808014073
520444756
322565348
104763626
194918282
626017483
852180695
613898917
202155717
34972326
741730860
240429798
170383926
524903307
499814727
309751030
572896698
267018142
200775234
678733178
537910094
392147930
431035385
716739848
58342153
495076446
798454096
259259137
576275610
859800932
312617910
519312870
178009783
87471010
929629108
517566903
774244903
754453448
546399569
287600234
175225630
786249118
311593680
441972688
218532250
476356688
476237841
298107056
244084974
802445011
240649094
224989764
849216789
742092603
133667642
512962908
122690709
822370909
672938737
926023033
903913049
693567015
627908033
210877253
780085629
395690097
462602587
244891
822906968
8316228
656170615
128004449
705471599
344775385
110838559
49885759
177857470
73978619
172360460
110208729
1548624
262522523
790836928
142051870
851236966
940051556
462830513
549339372
127736791
953388715
478876749
726807940
668040463
949900001
116046311
299728053
823467104
96271008
266406517
961493253
421138904
262519858
429866499
754048605
590803094
823876500
932143488
726640849
896610215
513076181
352250841
172411787
294874525
945444253
624281629
664813773
868531519
978864539
506169259
368933776
12687550
997859471
412943642
950707534
886019403
902034648
135139613
88991146
481130605
820342776
420853171
542685201
539887481
163619412
315647476
511192203
549116302
288325595
385947868
420067743
43741404
887358703
295198653
38032357
703583190
700380572
592464361
993890279
538532373
777165511
993054687
486741588
941178403
702251516
24799949
438117739
408267902
367030387
7572999
369107009
586311728
857058638
733438463
250887496
133257468
153599931
519500879
338236762
958258471
734778959
45855849
736979188
566156918
123017169
277781427
206965203
938987088
465547946
709172999
483076203
970744255
473222952
877214647
112169911
429910113
400658184
543320244
329180248
992783162
869846669
969596267
928867033
360913388
917012417
579035358
955584364
805491788
456242785
314997146
979763251
94573149
487653210
561913963
157485914
873390586
94044199
426594280
291760001
977807574
349359637
298882886
372064159
231972766
823798025
840182670
510676692
184039949
52054645
171895640
643292915
643836285
260032150
232217594
12808696
332845667
416917685
519200570
612067349
133240748
829021949
213518738
584806424
563218589
22722580
930960406
165096081
263461898
775225136
406001069
413505960
477086881
901456331
578301526
785175915
292980599
145407767
349927620
270225484
532252349
406987770
144303109
282619360
20379185
428801280
281135671
524822400
988462370
303977862
203989503
22230542
679806443
62410972
260816554
454863692
398234192
267760655
500880106
299457135
989518781
660847386
122975984
101537027
992486072
623509267
72952373
855202418
269076926
162442919
982680309
577862603
821077298
865670180
623199903
201311275
13469879
450277614
279652000
871558616
922545561
595179801
632980606
877964522
721620798
505532119
850010541
630970841
186993158
256767527
745984512
344750717
880556014
841603432
771328624
701415467
737153808
447241948
998714182
749568260
247618890
172381400
465341950
49105109
674973792
962641964
962775863
846918656
552569605
535682147
184591882
2352841
239745032
230217075
775799880
420530905
240853114
983053566
500859910
566946697
882057640
299053544
359998237
141586191
895575248
620836401
268795840
522354817
296127723
392606006
895982393
67583312
980619812
728864454
919130840
728676344
757018682
639689575
195672433
573227609
727946281
594688572
380541695
514063565
890274590
35694360
493735782
154086029
452209252
172924259
634051070
508021054
98345953
807332718
618175002
544005377
756321919
145945763
740961349
902421372
62375242
27077521
807338116
688946055
180489145
150563570
869054890
792645460
707297162
617321157
410941552
433167064
767993305
59961292
505846515
889815965
590642556
26319378
346470338
67221802
706086361
739643377
188837781
494805647
752379371
798713325
902065433
754515382
322458559
781176213
819846120
176127173
24025580
484646843
773944890
29829197
879866976
361566325
793126586
765741425
497423744
365271761
955889720
158831164
101309282
27258370
384592214
293191518
567636488
320243864
621757278
45408394
386091883
293531764
593669823
375440894
8415000
149282726
703994412
196489752
253981785
79696914
286783901
458437867
98630685
539690026
953382155
623795173
580398625
401317920
954241166
530246795
124824350
107613884
775920530
504053322
878553655
899156093
229624106
46476640
826760105
95103402
645692506
814058428
14413912
75564248
86151376
747499716
210284819
826572790
420615288
465383978
565765178
602385562
461955510
44669147
200343028
213182019
883665610
632764180
974134962
435271448
92729976
829869983
422329394
794758727
8421061
387807253
661537112
672284057
716329473
173606809
943205421
605243770
774354819
424123985
791807766
776277585
601753127
532959382
999647161
639240637
224201825
870624257
516100487
32903952
6184210
569521813
891563973
468144193
303797651
111001292
732063772
355257365
715288559
485759708
403057196
547392470
887578376
104011759
705664194
106811257
546003687
906559230
793316995
937886336
191493477
542549223
482277967
52597098
210349380
258676521
670210066
981697630
420938292
731442105
850743116
711383261
725382629
185869363
52798928
820686233
572683979
148072309
616659782
904811514
548499154
172056478
96105286
913657750
487708624
79952647
995860257
406901410
431240245
158633347
928754237
626123706
935042792
967078799
585431804
767592553
235195586
232646028
521784667
450467860
731729771
43068940
684093192
687793005
786828232
488940872
454305548
20498821
442856698
743534325
875524181
650829682
364819612
412589997
263404218
181909600
482409554
631069568
406047873
664128371
13850058
701762190
626751802
39215485
124484782
604465646
858509667
221854164
751142088
400334907
272928311
912356814
210222132
140586845
197698049
566417694
425266874
873693854
411030089
152333280
825772570
26418511
369022138
266588751
487712509
578700797
115334879
190133604
851969144
560561389
117230152
590852070
265083143
745254689
865192146
979093481
619138624
942640584
394878843
788725107
776613010
840145340
284307985
879365524
8565121
468972438
447921217
397172281
174658116
108437984
777166459
362231609
913859444
669129543
722582965
928592330
256355403
746368888
915402633
924853008
242010906
140374877
56494506
20949514
432204326
319036764
541996345
707269811
580557365
605290197
195832375
866384463
616738984
672159263
893023853
118766304
847623409
309699603
76863066
306156034
88669139
150068066
195421759
281530940
276433876
461721372
935290861
207024499
733178854
762318744
743469589
832264367
860474395
176457379
971614481
686554192
386669318
214261407
812179246
356106940
274566074
423736263
39313516
575314543
318346774
15353915
973206878
360777890
129394445
992439160
506273759
985424426
945408600
120874914
401502678
737249240
769487888
716645396
205927587
917880904
248555124
925846980
850169866
886590992
660034483
793820628
692925896
983628038
366389400
126144043
498522005
767550613
269622428
46317387
833252444
702446829
486059378
735327418
738394494
154734356
195874371
905020283
292255179
463325388
405892751
410427155
397623315
699631410
314791555
488233632
200209593
855288794
419772218
837682188
151003747
256858634
839779551
656230439
979494608
929187148
738344762
946154344
271329070
216339060
546665980
969507871
61092124
45142601
875039051
325586125
68401256
173176795
273043365
203692590
604901010
386871675
243198534
543210935
795438928
166411113
650201030
624450471
258119795
50318008
680773574
143653194
409258448
457843054
105286947
564012725
234008296
35190811
281060991
437017368
118106387
279357930
573959443
681703513
465957598
880644838
175377207
456122032
929603328
972351218
530524868
382554389
82671003
420805899
683276792
161490316
800623339
719210187
36079421
699625425
789911265
422044254
339847311
566284293
943204697
161317217
295533174
540112122
120872825
348125912
55969694
466157162
159153059
7744262
269276634
576587128
542002446
718866488
216403922
993377351
602467389
468876208
703580266
82940012
91219614
480205932
142827228
52993095
179516065
821456446
372952372
233289709
479933148
751642007
939962202
407058033
761851445
872023015
269565213
210519731
966523583
392360493
489241137
565835991
745484280
36855873
136282593
227681936
176994690
973135574
229190651
995949957
294418285
597395790
302628498
50242887
251619570
890046947
515619813
816937495
693590452
696952390
844804881
695928892
908128261
958384115
535803915
796922557
708807591
261938308
320099959
893915219
747730636
549790173
810674935
172561582
925885179
863536722
721278611
811475748
546755155
633517219
326560424
842892905
822333538
224341216
577538208
591762397
994164261
775817648
887927682
547580544
322047176
752097731
303312163
747024309
864796124
376454119
330760810
324348260
54432144
399646517
690657109
723679272
968284337
661509537
752957261
802281727
78916802
675382545
387734062
602428762
672116499
827853827
858891026
170398277
13969497
459229802
469871404
868947694
239042294
296665134
974645164
970328650
63683356
157318944
535511605
925747801
853709377
566246416
476335884
9749889
749138686
335787326
668599434
653545181
182562818
558280452
133889036
704180721
207375784
102481539
909339972
53489441
7695649
841050461
118926111
306941093
370806829
845981732
387012053
640152035
881110083
679025257
167047227
982286579
725996707
60622771
738527657
302917105
813665846
216708326
222510614
11172123
696563906
245548465
31955167
900552156
858409316
363115661
45931378
75101574
902517705
244835643
813703873
818312196
369458166
100999342
904859668
121743028
196371101
956251880
492487244
928171544
779041944
440171952
822440331
895037463
161169999
193753524
60156291
949421371
540075312
242232778
819595308
104348359
277080298
707220370
632287154
142700142
109456910
334834791
930014967
3788078
350141646
450734772
869601704
658918081
795772615
340144508
77919624
137413993
611140328
426938495
137752809
114044835
855334138
398806475
956188663
991690746
556048299
320025811
930098241
871992237
652791617
780049859
357458686
605890990
316391669
704233589
984957391
87692830
321985377
138195497
635028530
644035303
758891420
874043895
487435557
955872071
560818939
357234856
735440123
655532514
498176492
152774695
453780891
701827046
934108707
235967627
896092679
914268130
838496390
798782484
745532051
477668944
17628351
138810462
586607829
837406121
184072511
909407535
472247799
283555625
253111770
187487353
736701246
208984767
672329707
892948551
177759623
336362320
4675085
769872424
769370561
6999403
12008404
510293221
101032947
404086419
39704541
212694929
562154584
652506901
858533703
238643859
534454396
314047547
3272794
180877696
498658801
985005659
755479809
791220364
834643321
768900320
357913325
893577056
978708159
286272067
902831882
285168650
111097871
796724118
611129026
808291860
386688468
300357839
963278726
823530345
704034648
8378893
292470877
684966602
310957323
490335578
69052200
130674044
910271794
829450625
215851692
713681978
505852197
179449326
976883742
946790075
728034948
712664887
30668077
31643538
916947496
300910310
471403035
348678002
638598006
679513519
580977773
16037282
676253161
950396783
404991577
522835811
245397795
124551073
646659938
788342963
383863597
337321739
255361550
737435231
171864156
74260017
783038655
379335480
494101337
324515316
75745156
576845681
327786396
226953036
557592492
686402254
168532554
749753917
598267382
440927299
696064937
621049542
838583011
728578443
192613013
510683767
161899455
752734356
242255978
533245024
504963978
886741225
95271401
161504760
790279891
156287725
934805128
413705238
92339020
417718501
409500446
499016489
202288047
327219790
166738386
420000506
423489105
366672146
337314232
886774536
174104088
636938562
204010955
602709959
486299348
20813804
573313312
595457337
182220643
759594016
834171764
687130426
725427295
893562063
351819252
508419253
267756990
243127240
816596129
207049923
823008901
56254072
263684529
542575526
106986762
25402532
76406321
997497309
464400234
401862880
717635765
144571282
899435299
935901777
15614053
321806091
956060615
711539611
171764839
831416672
100607384
957728091
832594149
615033182
630168777
120417397
758086312
588765443
764063782
11246727
397166890
930191855
629180659
705434504
243721758
727416055
626525175
987160103
583748834
64728815
905879543
653589149
483874091
376768702
837848106
312174005
918024093
580823348
580548831
595254148
674927558
225164875
847509210
293227542
357325638
670933036
142058495
33898046
937104229
948796339
71895566
453700120
645731762
829365548
177523562
230500776
425386107
842071410
675691335
272981200
655785024
9618495
451662168
400305658
407633501
815350138
626319292
225422554
158766010
209547775
313141632
256169217
444208772
74222131
568630687
28564750
231764463
902132713
679403493
174252226
29593311
173562569
381287854
437702110
490810584
475169662
39343456
967972691
543562829
202102230
687767543
448493950
467343779
115478209
334689675
792685443
28759006
658114099
901281063
379847464
444769984
821597955
377820679
515098038
995902868
751681920
664484850
25517325
490515970
122813257
752205961
875409007
314918343
504300432
692034118
160543039
171049925
263747266
614567598
999967389
797921878
538450233
461429312
466370991
748411300
105016725
629627577
220997600
59905411
85759072
671033522
464893617
65005221
355509897
464582746
160965809
472605626
690000384
377696951
748320304
577362517
796482400
577125379
537206181
871301860
403941728
519437319
688906280
202555470
792992776
344980550
642722929
54472797
678683525
914913911
115626277
149225627
340276611
593839483
308805989
843199214
240902300
337525989
905352605
285026377
348981232
480929190
343064908
385678908
942146967
733808507
534466716
836062857
30871667
61021393
709523391
910298709
651827461
843293973
176813432
408952228
525402182
754646269
274852674
990973635
890594711
414573238
563514152
749767913
520377536
351854016
340504883
475584921
533166319
594157076
746002011
24346700
57150618
844631575
199476291
608267324
349461297
557639418
79891105
386549105
826062468
286225900
280304925
783792227
472128334
362536763
433840854
518790536
755974490
734248339
623696010
921066748
127171102
339707544
464377061
265139724
691350150
694284239
84597916
777010193
812601196
264277557
937518079
875375185
420989354
888747501
604220168
623708824
276914195
172566716
44201663
599374053
473579626
871471421
58525540
660652803
331939627
325443987
319556938
505517508
24959296
696514444
771097358
565784102
315737485
76319575
830746354
989817089
707477998
371009077
551685390
49378287
892057963
890415647
875833471
611462975
621495025
439288627
930279292
726500742
415310479
447494813
362997537
198338562
491999348
927210697
365396869
570636649
403431099
459011388
612707509
124545393
718782009
826901281
322870858
815443220
102722145
415133544
790924800
445215047
696103316
149648030
106465065
906694480
773373397
759546576
82789327
776903895
317776963
257809749
406009048
50336396
846931155
655438891
243425300
120577258
133021048
410533738
610262556
503083547
17071415
737028669
214495911
623624210
670076473
37391192
992031287
705410677
469220265
556191862
761545095
39338353
888295143
616001570
620723639
693334871
272036091
351006707
511658391
282757390
625992719
367763816
865728972
766090221
160170180
192481859
229924481
499662300
386059317
232515512
594127135
280686398
414140390
739484317
833055545
447488703
824842725
313912999
827378594
989286706
509000055
680578238
792889412
872778971
309250097
497691404
414093748
212092975
77843527
873826331
481756821
242409780
630061811
33925610
865347210
628102906
503452393
876114222
604971632
286810742
620369369
974162337
221755447
344596441
615028104
39615070
245615638
675208659
133972134
397570214
246153535
475291045
996827958
194860376
994288833
525092094
919397544
779550017
333031014
121148555
56529988
49806832
423888269
736693740
2164974
813216816
784868082
330347934
739229569
342090724
147556495
415026234
847835002
953035310
319014837
13662203
650943353
980782432
300462088
389262635
896498967
715846083
752837512
971248696
17196707
583315987
414501156
608349204
350055990
421818126
550222668
855008370
590820830
826733488
833221178
746089357
32244223
64997585
118879117
82886934
84105661
131678335
197555386
247281390
17710298
950540600
932347719
89636614
819188795
554330793
257665458
377109171
785749135
797826479
966042885
12092221
267030217
677267462
474903564
649060561
202608631
215401941
421376894
304739404
301406540
10729018
847290294
320323833
181897405
779651075
310360563
273704839
39271041
458800131
292192846
345679114
168707313
421512011
967479601
629196664
762953305
906466956
817782083
726054845
318639571
368234711
268420136
216744217
793287518
59257173
689506555
232997373
579694444
973164300
188122565
124833626
416041536
345357455
503252807
669939087
477141901
410272895
466269154
848475544
798452050
830232494
211693878
716963639
63409919
200514154
299955706
731977480
615486339
835520219
790755978
71726657
369380382
674606522
273153434
555477057
483403124
563472941
6413658
353521677
263585451
752311648
542020512
191895429
314516133
178649935
506438739
94975693
503725188
891859321
150716696
282035080
465925568
500833677
237800290
801887127
607740255
483360029
942137524
774181755
597282046
763761020
773435428
410480457
840162736
36191300
977021453
535268761
985972648
569093745
279233346
875830751
297020474
469740175
452113035
620262023
879695048
825422756
595801448
603237229
736099986
447297727
78223782
749211255
378295594
695155920
582742122
349246614
827963093
218241074
301585880
505450565
502030875
338366808
252996580
353743312
472930405
40138935
865559214
82933189
505838362
540728882
381458122
599505805
231671970
569395749
345972963
119971135
820794560
194974622
419567676
428979955
232422727
550149502
609836092
273397206
941368056
131999037
549221318
36155241
468681289
252301172
182690354
984992378
755609503
931652143
568205672
820055585
675551360
570340498
114392191
535145966
391980629
385028802
837463855
816783303
273396667
388728425
556595003
992450228
635888231
55302676
661435328
913330472
128931490
412775666
932409899
580267679
600852619
594819402
510781868
270207382
20996170
298516708
265281183
754897708
373006618
827442781
222206222
459238980
354145797
504896782
649362274
920987446
399222105
522116903
913705894
53979939
879533377
561939545
278619471
169268765
999500816
690636909
232638192
347240119
283509859
637126152
358162390
11951112
111557649
156461981
72801233
884393649
983006977
672097827
242151397
552780092
251161038
740693746
327138979
92740646
139170213
220431531
355811178
273480239
285475927
79291275
578024161
495780088
32288098
721930325
788014599
689537109
231542962
340617521
643623005
982869753
12361783
123104058
528748450
329385096
29598347
147121321
107242688
888863449
334068021
560150463
881071421
30149769
327207941
420972424
384173201
347412984
156321484
557970495
869286139
909390436
458785020
221798411
574402972
894906270
30370427
264024408
388920875
680623408
57985392
776969267
317468212
520375760
860141017
668837945
690333842
740118839
772347930
76281755
983622211
298950544
942085124
773581012
141400974
213395428
842244850
679687838
718292071
571062118
346241682
70814117
783017306
863465566
175201650
606979238
446454407
429868009
457597438
555056342
700610488
726955243
946454564
693367725
790817554
470264728
200502223
948629559
525708889
955057447
354540259
184239482
121102250
353751500
148712189
250301875
39675720
664785336
752491566
137695968
957572432
950650781
712405712
555387403
576330370
599084859
233655071
119029743
562078551
702291617
145492238
425728049
654608588
279495795
537211261
107395321
927578822
915657160
623376925
923245293
571067413
4603148
18823817
817205576
946161057
796928941
213688652
847328825
254591341
208251479
40426543
613815162
31299669
613750115
359168342
44292011
383166481
645266489
407933755
5742608
377517445
409563833
22071422
106325253
69693602
870703167
120085043
633661839
898392781
60378949
380933465
982645508
660614300
784485180
678689134
67810858
620358954
870545361
43592675
717631761
963905304
705171279
140042187
963610925
787460742
495525117
696038990
879351178
466882407
885844714
434540512
779085440
151552350
140995317
521112767
606603740
43734925
386806080
333240389
835576430
333695281
567453091
338685723
66373654
391283331
665440259
949862656
261743347
780827451
289538158
497437508
480699549
666708036
294275993
890079497
545718055
531156247
647738279
561169236
290057238
400866583
824955037
246230675
719934205
644025613
478550214
63777399
343240661
276142
518520369
400762912
775977090
509707246
923790109
275933148
414106232
30597466
732165224
842786166
350834420
54322015
698007491
839108225
803753946
16854211
914543384
187588096
58252977
693057346
52998121
616850330
246871110
579463476
826654841
11186566
667601673
573108942
6884884
132409612
375603577
282380311
379993371
604155311
865556460
623717722
72035657
657600284
442600032
644053272
956914080
180175860
229291757
802924681
169396413
251704982
562076724
749294730
708009041
67543794
22188600
343618044
413935050
857164184
730014675
6379279
27143355
619070096
796346759
826034119
541172126
936776139
870757560
331944946
508317736
924618925
713995389
202981314
32959299
245936897
290994631
921707158
978544550
733961187
718018115
85406307
165500525
145443379
756103367
100601137
909699307
965445011
249801496
466840662
634069823
248762722
219182908
303405409
208984348
385297617
189076262
189971504
339385642
162424505
623835032
440341471
350960795
687600904
120432103
60070498
832788554
986229664
485416937
912861286
625155903
446084330
789899815
609367377
550748012
997382873
695003843
214709284
233916820
699175010
758680348
308234608
972556852
898390494
704670621
990087910
985699386
327223875
4672736
758885001
686205091
971991598
574585716
809280962
27443109
645435039
340244994
944766936
586194528
796825567
87878371
744032753
411176999
68398111
819820003
982844615
749307063
405359805
402565229
341164774
818434784
719935169
970097502
726053987
931661776
170351549
971371391
406684656
883401050
736864048
251656978
423373714
920471869
96163706
949274068
288534205
825389537
463236317
746218546
200808931
889198696
138661661
605888637
200802145
568071925
307764790
427871736
904078420
368635133
955672212
243204797
140798485
379259733
557070275
882960088
77807278
49856196
236518060
262040072
725416744
188772875
333000052
515272281
261271204
563196112
458486375
74730676
521953790
114226326
992985811
481181873
266751163
357303100
840438014
339989208
594704160
712632296
457385687
848202573
431010650
409972886
255036244
869977696
219176775
424414687
317570909
678161088
24578011
716232894
890383053
173283787
241970602
139261648
37425045
427615884
465210063
743702441
34954612
397604369
951305392
571867681
595233803
456926099
996170821
451335094
351466232
814886862
836527313
357632502
756219955
278299470
912486217
473826880
929375126
225096212
215552200
437030653
902088471
990326987
207056276
954669472
585482151
684503381
187550591
477305212
687248355
92171444
892189238
729903251
941525928
728073720
337940394
882695898
909661945
639429507
595475431
579412794
194718082
520956757
76190354
631245477
191141410
4038794
902957322
695873732
608150281
481924092
522841548
797366087
105630420
318437677
623454335
884497484
735271660
625719614
189824585
129289993
605294334
406869933
245188379
55212372
214546640
334934188
718110513
945711085
842296048
303635858
147459475
184658603
711230887
750199848
865931219
167295330
780179610
607572211
162755329
89355389
158526908
314636010
454214183
297314866
919234057
633295992
150196448
19515907
136949787
89361690
216157972
420203335
492651343
764735768
552611973
595856941
989815495
206209277
9948217
761886189
269941576
173412320
3718855
659976294
88279665
927710140
441185076
215554382
274863890
855088389
840406151
280250688
913021750
123594995
245185908
839461085
8456864
835303268
499218426
829725516
944225334
699745670
517358171
611087744
468404686
591413896
64494478
839855383
877969057
369272680
362747530
68009103
2716392
627449562
91634628
933559341
254788808
132909812
951223987
802973213
723264396
769599636
835822971
826004070
582446067
263582791
340778677
558763406
619348081
117312503
91599345
307685598
247264324
283052954
176925351
891637639
578323448
731412424
503702531
294470904
363097978
721657458
517154519
535218346
200251983
184009832
658120856
903020748
742776548
64942534
593302486
60492232
106375700
42527076
648723454
891387961
98556547
367850789
412454509
306112954
456797315
477870243
391628462
646649437
425999620
480638168
184949671
560691934
597152571
530295382
185339047
479563176
548674618
830950578
735997893
332840849
119334732
950311462
245259262
142378655
464860158
142300986
355512792
964778300
172557682
752569141
578627732
235762090
364744145
764877384
578708103
334829875
429037630
799952197
527928346
719340431
422266677
300403449
416682190
113942841
448593120
320479641
9924730
428586550
999885416
846674672
956017219
482568414
634296673
640558344
943427796
330853864
346703276
487892758
868979896
813625151
65738735
372551049
173629377
102265933
952510831
887973755
979838464
551937133
325072186
121539535
789343562
254179375
307021082
950986822
393982289
502188303
691327338
543526872
129476481
768554991
174823177
527216242
453359784
425311934
368379669
757436346
503434703
582588418
501059844
547261824
614451906
420294593
266634063
18357522
523829421
788623373
91608505
663784846
29316627
504192181
170117501
4594060
496409717
77987179
315993122
945128610
522208941
259152546
815917215
430196314
794152980
858130852
455472558
864083559
265733256
353246872
407732386
134803813
821551308
342716336
478084952
783540932
52715564
542780299
729217356
902821335
50319664
532260250
672155956
76663488
191152006
349145142
783039324
214352205
994518350
381630606
972592925
376634068
806755860
545644660
849430572
430787647
781100740
76914597
254631555
842018629
482058196
969613894
722904360
342741305
614271859
573121131
501271760
597895173
457930103
470326418
870332456
335819049
987146569
748214859
110481748
397185581
212851930
760399985
298907421
181256415
40461452
677252316
11104840
661188787
535507009
169036144
93781309
365822451
573294185
488149274
501166852
988295882
669430268
424657753
614381744
363555366
391973497
80695971
731031034
545190395
566913205
410180620
222185158
304954793
422314475
656628849
868579482
141817176
347536851
820851438
912147082
488558976
324040168
980730441
664368845
878448622
101010405
803457808
775043943
211502714
674193505
300542212
105699960
396263292
917482913
254065655
373782811
81135337
559750070
889573562
11678594
73962879
647460609
901462162
528753882
300498866
570122647
355184007
978728031
544390537
455886121
909476739
745640262
400544432
768499787
46146616
287026703
394782863
671777068
280046498
212019434
882916580
174107505
462196577
675608679
881591275
931305698
630894058
967581459
117683198
99612184
637159105
835373140
812979353
727106755
242956924
876973278
890641306
103192960
12633891
117945060
996710977
201205159
116898074
716307715
699280224
809569914
896539195
708558684
616240954
929791758
980091097
507602577
478503274
374714631
269047050
700486794
490733588
432820512
600045784
139133171
827800735
281591618
851586512
970427661
162004300
171921119
116304179
537514432
206914154
171607217
693562543
552412760
192173596
280894526
842288319
107072353
251478409
165484481
62203956
480307078
550487848
382462448
679988054
901335989
446426808
704576191
957978696
74157141
699937620
185922846
718899525
810764891
672043172
627322632
688580058
881860190
355739257
161648914
997866614
655099211
549146353
710182677
557458740
260313561
918699242
513401516
795705033
538835258
363706393
672402894
509659171
634762775
334475024
201368482
811205658
424009219
10906957
706544246
518621340
669655997
296703113
510005358
585558672
310430503
66570827
190479237
184855088
120697614
70628311
973326840
951343763
498971854
569301410
632351233
925134080
366708210
652024316
954872571
169378811
183534565
168292994
403346316
496251228
580428084
274164804
814886379
996880623
837208915
18741300
504058172
626655903
54243176
86873458
957976228
847700853
633647540
140224630
158361195
527237582
315360225
668215832
893939359
731200691
901850942
461083733
10305464
493871046
358759021
105553605
259751412
815224719
470417160
470579128
586615236
514617714
674648814
325777826
499210318
673047870
264180442
190380701
604324653
656832863
524208538
595509484
435714655
33003084
769004281
324061312
597427547
219579544
429779594
388099533
7758595
109574977
408099186
209010630
13179922
67027674
259089585
155169465
471986534
273671955
914863751
102096055
553391707
335233520
980404844
251556005
535698542
946429594
327368170
511127632
810789730
843246570
494356402
164367732
77235147
599323525
662830379
670469924
117335924
712275129
118453004
812849314
471548782
952774463
902302709
516701064
55305691
532052654
151707732
623462618
48408682
358476172
104230781
739258201
707522836
877975321
137837671
235621697
230831591
84944599
944802429
172278776
30167961
808170489
942279770
817108819
483572761
600073259
360090915
723385064
43750989
756718234
236117335
939425971
423894845
613844277
316010901
301508688
583198080
740538853
126006364
99270240
413084038
712007688
43980701
121154940
325887152
478735758
34557282
134689107
963868607
333845850
891053528
858461805
647280107
793491659
86122100
542760766
882898968
204284297
131016599
132906938
649169059
917079082
617374366
108260287
389245890
633039444
679213733
542326266
131374370
239297857
898026110
261768399
90600763
765336815
395402181
949030759
172605364
787867865
462947744
935821073
626745024
467497187
111370663
627624564
399603357
940949098
671938961
307977904
518751955
28996526
960903150
298898778
783097537
182105352
234802811
953532151
545914791
770281611
7464132
974124945
42332795
402143604
46563835
352494035
433143384
492360714
131991260
4648222
107559681
706488671
137924276
256744566
119528307
751013195
839126468
78260533
931967200
720470946
489540885
216956829
910967954
787472978
337561823
168137698
737449980
390218987
380046305
176278921
944517533
979891210
532046057
640021696
175158682
6223545
61556503
690374679
934092148
833300898
434502756
80497641
142505589
181883076
970118309
116722146
878489325
711426047
942922119
868473025
496728416
853208834
8058417
796535756
496996988
906811314
720805975
456083051
206839812
275544426
179687937
500480852
409060498
116726903
940559718
178895476
223378398
585975924
385560217
35068733
119791193
909412738
359104011
368917966
575570915
782763772
633260521
221085835
696922782
252459542
655017324
883676015
90352298
510629580
642817160
181113563
904479574
235901910
406457539
240662762
151795942
296489665
651852977
997833503
98782924
427538186
973435464
479542086
902797853
368174480
369300983
228604707
998397691
807028515
908854600
409000326
70867659
87274799
964242495
986059946
109386803
29372917
919505347
481214745
944424469
458029743
375732754
67849027
730890476
942069792
693379756
98772114
697579161
953060986
310124893
147719993
152354347
23181296
814544666
205573363
536680452
550369985
481924716
270916339
17097940
284967609
288913620
835090524
313676715
428770120
155718046
779145066
759928669
335746038
743773658
245115330
13583
844240306
217551880
617236032
193671909
176668855
229471157
864975979
410636613
988339407
737034750
581500684
38933748
447519990
907685018
987058095
570938284
441100823
578831868
660791042
702022388
397879560
630252168
29865314
416954131
942843409
974027172
643970375
486358948
157536881
271357573
43898671
971463078
12836827
250756887
601034123
658202080
783544085
585042182
222180402
112445045
210048538
144801438
442620498
759984101
108775681
963909741
559298848
9365656
693828689
951808802
975674840
251997936
39521611
562111543
101875769
186565888
667474126
397730523
456697725
58992866
387928923
269943374
456056078
706142526
265861323
77837640
873883861
749934903
255062880
502452333
217820196
745114083
261626061
800554406
674951496
578450656
663939518
801317151
493211903
266991009
854942668
903739161
867468770
681790408
444888134
377650607
275779116
112678814
655927777
816460834
198133587
418183601
687834868
43587347
893760649
378743702
947585451
204780284
96572488
921389844
670580060
235623429
309383821
15406026
387093663
697241914
506154020
109976059
808351856
876477258
677596608
235953944
317008647
16683427
78708936
265679726
90083829
763682251
847359561
208651070
959529548
995606559
297989059
231164383
356120801
902542324
251745550
877922348
549402300
351830654
863241558
235733802
476715168
494239483
736440375
102279868
135190872
216293706
248321490
969988626
482220151
736797199
938580564
113349217
865828799
25707724
146245492
396188292
914268824
552109789
622481073
591919251
272255980
900319291
383366881
452184220
463896076
77082196
554240951
566479084
203966695
894607465
155646022
514404083
480991723
503719182
274955362
582201376
539130579
31751644
904123146
529094164
32626099
31303349
620027065
571904112
445262557
791466028
999588062
6351723
206929656
712795718
112389064
927085644
119262752
626487077
10387090
346310299
448891848
502319167
260983745
947173453
10724379
298424126
958575539
303887101
388417342
520059228
332075487
888731287
532456832
164694024
213255715
239976825
134391423
285605394
358301030
13290655
45176806
353232689
337922166
679555047
555497729
957262415
509418418
29715933
686484849
837018837
365205461
90295633
884562265
183762378
711613401
536713682
846318515
966113990
300650387
281711984
906862785
545155674
566243642
957448623
234432731
514305239
314824847
434956160
544340777
720733346
992600685
999677129
863562272
421925153
342212111
824878930
409585566
545557571
635667482
317530107
601371196
463084885
802971129
837372327
935161107
85406431
374545313
726788459
384004603
422393928
967299011
80709493
186685966
40216832
288391454
349876704
71566846
537051511
224547890
246823365
609319026
705146753
45926572
589528653
49180201
922961029
20493691
724022512
502407491
659745884
921104273
211997338
381502544
344316126
395967534
747594554
373544110
34232207
749627725
573806197
319551159
803893279
133740562
349182462
264608042
848435935
837510792
616849801
119297130
448235256
775025672
390091599
547525281
218251578
271742737
911925294
467679269
992226923
352123176
24806680
706802016
384237268
755780683
97869950
550779629
192741180
232814466
772107772
399769553
510402546
245882100
231882346
698156056
435125743
964125786
909949663
859939914
777264811
500284425
494950635
851459240
48508219
37440538
973831907
645595531
627496471
443078907
622769438
679222638
446558773
947935225
7962943
895408894
357306722
859852280
417017124
659982496
261997713
363074002
127416898
477718276
7626012
842044092
24065712
846548149
3116212
924860731
176370903
916303458
8001723
754750216
9803712
534471216
662325301
946581662
542212972
494564007
989548873
758131404
210844974
897243127
113538386
297316239
345688715
736641500
805678177
306078605
871564748
706424908
378439021
883132298
466194897
593435292
89081489
752005508
672209621
368469313
815779404
487340153
639611929
883305617
702247892
394194144
51578364
672638147
459776480
16174987
944120783
249254206
347342578
291384368
580139467
960082266
416461618
410059859
228285766
622731259
524942111
937593366
27984893
704650091
536844439
502397557
559463847
614492725
562035010
330155806
152390081
265568298
30628877
157021884
82517410
796781976
85905285
210691978
362338146
198192516
553379441
371314044
237723175
754250112
981752817
178881660
911612865
344697414
544221723
548356985
116843649
439045370
272732133
959406992
193403958
973467046
525448229
300184937
628318417
303918175
367037950
786686836
625107508
209645933
578967184
236145926
249309325
674140613
774155874
777911344
266107007
407245459
443750595
442873688
548564753
675446782
855735080
986857519
882779018
971335663
654536934
804054882
748885365
276727731
471870358
485123616
520115287
476347983
534896082
581832131
868252825
671539505
874678842
256945349
639449727
225589467
697808452
513690364
276737217
52520104
725275133
16386727
853034271
676913670
616788371
971177129
156217781
735567795
789679206
247566866
482354330
259389783
533050848
594025898
586794260
362205602
491690352
671837011
722294346
9353512
448618322
980477498
810818284
420310595
230690347
406648522
330623494
574920983
52815824
469098388
623811040
521999707
585359329
633232299
47615163
663358387
829859938
553309505
627248210
113555644
966414974
331499591
386803706
437790213
612045198
776218793
44728378
531724828
798887859
778411361
510054692
984477728
828302492
141815630
300989332
674745816
506929334
157863206
77637572
21287629
836678506
335604882
925240629
876588253
58671391
675882573
649860718
817367582
44653666
353686322
73330479
741289253
336946344
33299280
580159414
85836662
320847189
937993430
969679560
78887212
804687511
315033454
711782289
754541917
886756239
256865811
344550724
248087105
759512712
189404934
912955175
684616484
533273072
792825072
100047263
12155516
224973756
335566799
94664480
852235762
432234057
428146210
951174667
862519317
499903088
675163282
958332769
843587762
295953632
323762533
203120531
802934861
932922726
933627801
518795594
944221528
821347373
447121141
768111364
543611766
766540897
623412142
711596305
270266554
769971230
175511971
352504746
432920206
344549699
362705149
310782381
662726149
214381429
177583604
916873868
309221567
410205459
259209603
846674562
621167176
258558885
270901133
86027657
719661433
814272688
814315067
979300344
260253090
420017375
695982961
866226168
329210283
91886057
169726130
725367622
703349088
850652203
97659996
161850401
842957195
506998153
409921863
881096207
501348275
895749051
275230556
102638155
383029163
366391114
698247937
77238773
305404944
543008886
904986834
284032911
922907386
995091806
40075303
622787880
954830075
28310261
168682224
705298796
713467025
19041387
451004364
569380346
283170970
504360096
261810724
855499911
402338599
349489470
854958621
751362800
863966726
255288441
262576112
226163091
68322062
452612923
816612212
156323623
524903309
170854378
277341344
537114133
793397092
796147943
403074027
331639154
867730007
674319400
973305162
135016168
526128325
483384873
43477269
167899885
54587813
884784113
498218960
338086074
151920419
23731761
964919112
278051242
401585669
219813019
986451465
724508485
921448570
883165200
99196086
267557498
593715759
817690928
180103436
915943658
554855369
61670150
926270353
466103501
550525243
532829035
207694533
571990319
439043552
936494872
4541752
811392536
3501335
919681470
765894486
819636321
133358286
744895406
815463996
248632636
255916724
763827206
108728654
860770258
581636397
760117078
881576448
437501999
933739473
861475976
61233648
782175050
400505094
848484997
230210468
221382231
650803036
337224670
593123458
684918300
908916721
830138855
248044995
84475355
643820234
474868973
962012068
120811374
292872419
676780828
440598195
183271463
554543259
37689683
119446737
404859732
17171563
520316244
971429284
23628978
528310639
695872876
693917449
904744359
168661780
867005019
496272397
42785383
248968539
269139845
920207334
538670768
787311367
51425223
882623589
393820610
302439417
506433097
123243461
869702156
211750212
386230804
878969956
855635542
750259452
253795092
640471163
908076367
691570168
333133274
308939301
539904041
898764327
649934392
727974073
297967644
911925958
552507598
789739288
759363128
715770383
723139840
947484759
502457559
148799623
860032044
407487208
928826401
608837310
190211558
689668151
713516333
867721661
380895393
636289060
827495660
377270613
162259110
151615139
30909069
558378980
705937147
800483963
687423452
500502842
42081863
868218139
125216900
54375774
293953882
145316339
136369829
440334787
201389017
315210129
856721942
672783718
317260390
313944958
692273944
687230232
346814316
826215372
10281782
265147436
26490946
744532206
713474876
530772088
200462906
591245928
673029710
81587557
292956351
792598559
620918488
144879605
136297967
367444626
722304628
612416089
534902851
30574877
28268541
859547188
366987086
221709745
283315476
303797958
363667853
252803828
624758706
923857643
487177974
834873056
652657133
277839836
699971321
771617045
543089812
232313113
483902479
326146794
541930580
952980541
768236056
451952867
368991181
85540823
301971793
863288653
313358344
353930596
299503073
969494360
110967904
972321239
286655092
2635420
840783869
405198186
849997592
461347329
17607154
924366364
680216363
835906916
630365907
98390940
587660706
54505314
813132468
149401809
607944019
835438990
113325325
77860297
800776277
83452379
258361056
675221835
526669259
520322400
566474989
290293118
247625592
141153711
450264235
826648317
323845313
551696324
20705537
723816633
28479276
824417447
492870133
461853778
541709803
904515176
681139355
9003936
258213423
638516203
75826347
535837381
550908645
255012961
211026210
536473758
576956479
465397099
777071580
55379258
491750287
532534115
672057654
115018787
713679780
901627954
812181133
312435213
92194348
37094936
251322787
400611552
40306707
840105453
254780515
888348021
325670291
896781274
334547444
723492255
566206538
315450545
579472225
413648784
379709318
992716162
384370416
421138728
672506573
740956822
815997025
610523302
349186998
575914434
181863210
505908417
296914605
258156653
388615988
195174319
497422670
645604018
536700202
290359256
510080334
617229812
308799372
319276781
327702075
245167770
132969696
138255469
178245082
870581748
802714287
745499015
308821165
357283269
824728390
579685339
628144955
961090754
68164299
83941192
509115411
652103242
267679243
708657147
735117103
697068097
639793444
896673455
698047823
229308324
561760882
247545111
99993586
654605276
819486417
267764107
326394709
192814199
232345445
878991850
601586241
298037122
751844349
603151737
668519134
865513662
92731856
630748718
981561590
461224802
415172133
889953492
707585417
158924185
940265638
633663886
709058699
431223153
773298007
168322937
256860477
770587897
330469530
870198289
177712655
590599368
532986641
706340356
537317109
723466236
433502510
102241061
473215382
561251896
455355940
789904939
533501212
472595539
418898233
295830182
535648895
481649538
791093415
252548081
557271545
317759981
610951088
651782902
18907748
425988752
819225915
61369196
123675154
813467410
836193464
370419266
300089136
143321056
183791789
90045894
763826008
253002899
905062756
814096035
455739571
530542527
332923645
937578828
297939535
600475504
335232133
17785607
448953444
740628974
70745158
951174802
284565919
343769065
545403635
250998771
685568083
28972120
359345148
614515360
75734497
207128107
573163947
509796492
981314306
20321997
857403245
761051575
786720576
22980226
104453487
153110234
740158021
633623460
903312574
847515975
773185745
770842118
168780526
927457801
274519414
613872964
738998162
587877685
559401742
652805185
856745370
505993821
33675005
330243708
818149383
826280853
193259356
79800517
837217301
605167622
100383721
712795445
651976092
356240928
966679889
414739500
220959475
318560725
525061282
682953075
670496383
368919875
828156073
831321822
620553079
303016388
496651043
296985487
986541907
352963079
330695355
524985053
513717589
396225657
139120842
261315747
383216401
682096335
36465780
566013231
471534505
815147788
148132224
758127928
178406621
834913794
344585894
967486186
459825694
250796990
142807136
798316129
145346738
384972445
764589896
896415200
739241615
826938293
314115334
541038488
28350322
476374761
166914093
401788692
821834532
288199440
288438529
504907539
317591328
902236253
216071552
775034480
325585556
414326896
958973278
415258022
310412392
308031499
53914739
551416415
973837305
600872637
533180066
639898544
857339218
961477567
8375212
408992575
70200849
377310703
312275537
794283441
388622328
179282149
650795968
50045357
28501048
546673000
743730268
735470683
995841438
959504064
140901510
909180491
644795150
734019368
653134064
675755031
546702345
615958856
400413778
703131558
785300317
937680551
963882766
163837603
986148390
751634054
118674130
857955690
83232406
622205322
807000419
737588557
646041672
807611421
948979111
495547047
326883067
634384795
598434207
419730023
952125340
113356893
438498843
597506865
59366151
669746317
202176006
443906834
656827847
301369610
529809775
381850439
107412281
10152535
612377377
617903222
225092495
718396586
561707761
474020674
868151136
449048774
943890635
697625206
925197437
542595828
421263974
380033495
809467420
90138848
820597177
759959061
341555534
589595155
782869675
397369367
512010920
796424075
805365190
881302929
56329560
325667842
845454238
709454730
418029281
787429196
96773508
284591638
88703712
800090889
207534868
449530353
428181926
889130350
760453586
956037452
958854558
983632754
707536605
829418181
123760397
526544765
383312605
36871015
674382764
773825543
301297112
821401265
599371018
592598332
140220621
912121357
627033439
974137774
607185144
734226106
744042371
78279369
39027433
244970057
834941865
853371493
847620523
469822443
861256857
614648162
127025779
669451227
47950224
73537624
634577075
90516647
2881141
624497061
423987399
948669734
21567121
260020302
717711240
448489784
849904401
547413174
111722864
157807174
969436086
998965029
733568153
285540014
526417480
538929323
403533282
552774957
59059719
639909266
397384944
69122196
40741423
892330759
300809611
516415029
857429844
403984875
987174296
801167724
49079406
809102219
665504873
645809872
258152102
855932648
707817974
913460699
744930516
872362123
16570598
450761355
646995384
54349929
836491254
878535775
564423869
957421953
270303825
935542267
313516286
568488895
735732952
631232116
472698899
617021940
627668556
576044971
481684385
733159691
684727608
3714103
561697793
454985897
762007137
145173709
187817727
364798739
382665320
110178027
201184500
195942049
923988959
216992800
89728213
526724652
825026026
828599183
914311118
701292122
464044550
235660669
458118240
222016220
476726859
240384708
415387573
32301977
538413156
668851106
54366888
868222209
410097015
20328229
361995516
297945093
260098505
761719318
154694358
983330227
271268181
261134293
93683383
865686370
717837940
337108694
87318838
27108695
253587578
626812202
245866326
746117863
88417890
881283568
727475770
808838859
511950568
67497998
967335585
920455837
33514019
572319057
446390131
772323403
361009471
195505882
924053513
753406721
981932586
707153162
939534917
53845308
840235594
876759229
407754501
860807660
787063643
946277129
542028537
125477808
384427008
764190866
657864836
706818645
42017878
827116395
486139541
681190269
558084372
25516981
666606149
10322148
157137806
213021065
148478734
287528163
951957930
92091554
524024531
80906066
936553021
877799470
231015552
382852096
946658481
782212314
805582795
865124580
746901424
586012489
2155479
44178166
857465682
361218529
329197395
283033448
800265986
19386851
194726568
697720099
78385941
16032353
994453118
76030808
956599076
8687316
610222508
980989157
943098933
239828296
910032141
246416312
8487311
976452488
43608740
198193457
388563216
470728668
334841398
488892997
550493178
481868038
415660984
317052178
963998944
749924063
807106866
255011557
252189274
269585918
469122986
903692335
373331524
77776357
839553837
776255720
306810196
595608375
446615252
149449234
95605414
652050632
188642179
590280446
864840130
708350357
491639523
58302807
870099642
962519450
428827662
819976080
721233250
367528613
254356189
738460238
272023055
841551672
468996459
58549781
775936199
222949513
528788142
945278889
55399965
820865170
655336804
280637503
460326476
379894828
757488036
663419076
86538058
418660679
829742755
507848891
750039901
234883995
231509753
493971045
451071642
173232914
637896109
587536934
433199052
504064709
122087792
243878689
721954945
60256063
971132168
130566637
903038976
171543405
341778428
351800078
222173968
90643939
856481305
676968133
21417334
649108899
724441042
465462171
781946253
251983127
469227071
933083871
755963750
403249925
787427627
425373874
211766778
589475638
236941529
577865903
217149570
428429727
65963024
131183750
690256658
759064015
297935368
563699493
73860046
142213488
868296099
700539795
901216741
530638750
691828422
582574839
967145885
173986757
203954739
430526179
763645238
904553999
387005412
20092611
640051436
525730078
932831139
767562370
275593225
627506152
391704524
896175257
127086493
79461937
117876739
704218378
386313034
980490685
993978882
867807517
850115777
691052920
758269304
722662411
492949515
651060312
318051640
689051239
569160317
756913431
569164220
752001367
969539482
220317667
50511673
595234497
906312281
583077101
603822661
380023932
675257797
306272881
38482668
189702187
823020221
383532924
586905145
627902636
370079990
560051943
221966641
347667454
5497447
135077891
968210992
721599992
139760849
920778137
205001836
469080973
758368837
891934925
101673850
186463116
871012086
766563975
856068587
747247217
299360604
158555215
814333670
436857971
224665770
341165850
209990954
846698567
884665307
137067296
4216899
336479652
134081706
639920490
106028626
985832360
3612002
40535389
461208337
989883421
86025259
647614593
260318831
839141167
420030717
426798052
612879191
666980993
140343984
135750435
228183782
640331687
384502413
932428901
343886195
493295142
963669478
195905244
417144475
205591579
877379138
401837523
524669104
437605717
887991425
195948755
904483112
73054834
292613229
36755330
856991856
496255426
526903338
320422416
923499093
741304639
335065327
814427773
372684360
547396279
375243014
800586899
750958345
773300755
858565057
140600189
382707375
274858916
294095947
924467011
718768135
607891770
537554606
700622198
199860493
533771350
82862989
417369502
499311452
177009547
717321895
93988740
317752751
762832514
874122539
703514327
502615219
950557113
434678641
98018537
919360330
595891216
859883639
568200385
873755419
277992494
331040631
395819372
444656798
537911095
692243037
368124909
305344926
517505579
285642697
333620057
716855456
765502436
88131085
697994223
762942769
400835395
527858492
963040616
965547927
979213136
540654603
578174791
393608709
99092464
662748253
947928089
141066148
499101212
366737096
917093031
161901396
949094078
227944209
888845446
545263442
111604186
326860979
285427176
992383396
197606830
881981076
528877708
694015773
212597535
519845049
561096819
183804992
677123904
91143171
845830283
232936181
173862020
826561650
490777920
174357247
206203635
295270484
631251568
405326616
314950716
494255664
244558292
116814931
507808097
530898372
59565966
784267913
49878982
135026389
654932024
655868515
126076678
868989217
687213511
312447605
683859957
358674887
87795449
239517093
977885904
868313387
979603161
770455991
855446720
529274010
213387515
45726679
744440167
368424633
507296960
405783445
828280958
924736653
259597073
653357274
196910528
971463093
511335110
946814606
566893680
684089261
653090480
535880147
964648001
890993246
487213385
793455848
135394116
425356005
742271115
79679789
180075315
277207469
116043942
59967455
594183910
774169756
407654310
940891734
88608016
73513923
104917803
463250287
580344624
755864740
70550084
935180054
792201850
713924819
813982829
192245067
773230505
58072461
665264446
681709406
877496360
93971897
186582909
475746841
406232391
978770718
367142700
641758891
273338084
146911545
880593558
806919542
742932196
484512921
594849566
719128668
754847959
969834399
62232468
824880644
998135944
116984683
233247344
385348037
787149404
369266387
666156242
763857455
595069095
325732485
434167429
386505564
319766001
563974028
308340727
871436658
255888863
300139951
634747533
434393745
598431712
686797019
29481722
931960400
874298748
727412291
557880248
550926034
240632000
9725089
305247923
591674106
482651943
891227047
888969870
652615345
398711391
445596389
177116867
581346973
945940424
317844729
665455690
45187901
556908277
561024448
562401518
18963831
853965348
281919036
438992631
33763931
891502400
615985495
274018868
534132132
624460118
193722506
227900532
216960058
634596944
193005258
922417904
390080456
408781320
278247405
898505669
697206097
59041742
213194903
586150301
319906945
720119824
195829502
722133236
344723830
330986330
115651463
32014021
940620057
59364219
104355757
165142318
370624639
126629174
345576786
660432933
83257595
100145014
776221260
310721029
840156008
178531322
944576467
704290874
375774629
253389106
120907763
925474019
102308944
7000081
549856965
793685251
497295096
910134139
435334273
316843333
721941476
778160731
830796086
611760960
763661344
349878745
378025050
442581724
961523147
103928455
886872484
749133870
636467787
776894963
473283946
86527948
56724800
417826951
316621003
254609601
780353791
377033357
423535608
132645062
868656028
873371076
867124703
26900098
687398727
890382816
173889547
901820691
552236233
379336992
769815041
507205188
370353992
381389616
769245592
69144643
97861090
411996173
987095956
780039681
991970164
411578864
299820667
504555332
530095066
969860066
601420978
258105131
520702311
45105534
900987230
715270403
988445062
82086423
925719736
246927492
593999036
928256114
728042809
46908057
421074588
833121088
734398108
82482502
126469881
97231027
869464444
407036774
183744748
982359905
439268536
750693876
804223298
226191573
419199342
517092836
138432523
763385310
990580041
980160804
707479575
707173601
154053328
247994078
940319164
455500417
672815361
598065955
360706020
578058945
571137943
368909576
272990092
143236903
368188323
539885071
47037104
487716341
505033174
725067317
500669971
453903720
221351285
684740935
474821467
203802476
889775589
154412752
536379295
282820433
403143049
6312461
641423679
14760658
294883536
539326706
49927856
361952687
841690220
858728327
889491248
448470854
303372998
368815740
921754653
170395951
476144146
214653832
413815871
538136350
609580296
25927094
162813478
793893597
928519032
3364947
789960175
931957998
14667638
853956604
724837184
945321794
463467728
521784708
79346341
91066456
2699263
499214109
328910088
743070970
678214524
635557593
6874548
865886
44142418
979639703
697467966
652567699
226183736
60456905
60638279
881905910
106159573
893656738
833023397
40946836
658421977
292598135
225719506
557287102
951320101
817838451
823525369
123688769
154886429
681260542
374341214
886423328
595116785
362325574
59084001
214016389
684188515
672924091
377041937
102794068
697117438
525804048
658592285
91930806
382214140
159890450
156360274
230868922
394650143
498010981
411169998
754769410
937768680
445367088
104679292
330096425
956063242
70925660
332455315
90434539
660285171
415551124
401213482
197207238
218742902
50368568
436331560
422956095
290419291
936284997
686386471
540638182
268371576
103622448
112404691
197128851
861334602
973899767
225073031
258589324
253860363
946146103
780603618
962156975
186969683
550511196
645458201
712623921
681899254
469181601
669491294
981805882
87031633
489314659
496921065
776411723
275970869
252586382
317927258
185295451
931403465
620247478
965055118
489134091
508483905
822997153
42647649
873717413
992421349
653593030
349378290
867765855
400321913
67842826
471702569
333553148
758860296
929517093
40873728
369676374
893799564
840842761
141812929
609959136
893362056
59500811
309377933
730059693
793023452
178201946
313176459
52224911
207643894
432842037
520866935
225788760
595810315
42501806
699972553
455814166
453702670
633878001
931790087
486536779
635181399
990761411
701312516
511995587
958123710
987190975
395230810
47040913
881953216
622919566
328461566
277511521
789155976
859110323
905885761
226050206
720652378
474949737
908645669
421515528
754360651
578050064
327002122
948695787
599077911
61721408
678544794
700827472
412640964
446193534
771262652
702940945
473784930
982530698
214263275
697095321
612415235
729819065
11680005
962502082
531631632
776538825
361478704
265870961
502774796
239392980
740052653
148397157
961378861
998922208
452787244
988811610
638436792
391662540
579844142
646760232
177836476
984411676
324395410
530073121
82503604
170527813
262182490
418740288
449270747
407011230
458992590
443211230
373015598
823999189
318516884
649180146
689954818
503411061
565458073
744072008
88656104
458197838
718454974
785420298
487637450
501608965
337519321
965856257
513731574
198306289
425324732
148342000
520364701
982161023
698766385
488341510
767998439
994475324
406036451
421755311
824005334
914889337
554292242
67599035
480853797
793862646
678757334
373653099
150247041
917988986
792310787
731958671
594726489
366405098
518008012
975459239
719221207
577457335
868984780
116732501
968959319
207195142
455876586
30232155
962168720
825779873
123488616
529305932
932648502
398681244
94764164
704175799
273299501
786872236
556007142
851483235
565323870
606713272
575248970
176296016
658945492
173879491
884739605
465332545
697089555
30813800
274222370
608411484
243776181
352575522
173231385
988930178
697525553
289806309
522583052
772669988
311587160
51882220
85544052
273290561
359357579
539255762
699246630
129092526
504193647
255212945
940233788
40687396
68904843
21399009
904744129
316577309
569970030
96011815
997987455
424578142
370910635
822409462
702461522
806971093
847123073
939657386
390141146
444236874
367715473
363125727
290761467
904869233
32051923
993497278
750062413
819998805
703743318
894209960
376424012
734301480
527714555
346311747
494604835
460629079
131156900
585487499
707049496
249997294
979074660
918431094
711664349
765405318
965510818
664852831
421670100
650034529
281401445
374092305
589357417
872162604
633523647
587799145
434593032
497204263
775763219
152693364
400143893
149378197
688972337
92484109
369249788
898777303
755791291
967830961
983007169
96659105
326764761
542009977
732733138
490710148
438911993
956143195
70409046
423115999
224063928
186020519
740679390
893932628
861124488
697850670
296484209
348050220
49796431
128694042
700444623
477598608
197882479
810680297
69329259
965078417
336832141
974791209
374116009
886916412
524037502
39789516
247687004
747979590
696027978
396398687
612398649
404276497
48663669
571145342
357626820
5522105
851068151
222753488
320971408
565065084
335622980
603806452
830808796
379559244
827750308
5640744
616678011
624329154
168550644
243009145
154809781
714635298
883213543
743766815
336825255
701607343
685950230
635711094
94733387
938529733
930082889
807487844
50923805
652975311
196125385
34188838
942231508
489251864
643622207
487262228
515314149
110921600
231074997
178318327
80151826
779692698
586234641
710433628
760501256
24618639
412474768
434298485
345598072
438914886
321822154
142994521
223189563
509912915
360815431
143326186
746439581
595402106
828412986
835303432
838869957
706715137
676403899
875953656
142952434
856649019
892050000
912583706
459017792
188597737
741399683
634396608
8905915
927317281
541950487
538037779
744372629
342356516
647395405
40706691
239943154
453965729
64558896
721664483
856654073
200782018
937770006
613276650
401026607
721296587
831027008
656306639
841845047
161362031
880389330
357811370
12745319
357277777
262865353
899411163
356888545
267379680
621346119
541951909
951496260
691279998
629679458
425224659
153138469
514106151
180388573
259057526
620016032
915365859
547875208
396016513
810385648
976956086
662469938
255287086
635364366
923721073
883321210
643703612
727364090
313896655
906205831
187589842
763592066
557155911
975717071
75492682
590004931
621862814
308288499
533286623
918406839
818279905
714569075
534560815
300817184
658773441
661085996
378041933
173924123
598726191
16262027
326874937
501793552
370961943
967224569
577289276
331904937
308330684
801947418
727823133
259761056
443203316
124752796
435225123
558149648
418788991
513820093
870618188
796593198
58119630
317229813
435189954
433448893
46292736
911400898
699478533
263064461
96908654
392239902
633537359
248408331
958874410
488867200
62328287
776052254
954013815
681776828
581203117
720819906
235467430
984600399
833738970
543969842
419979817
140221181
37106819
979497593
18133476
827499837
584590945
992830107
657611542
263935403
287159585
413220871
87372702
186197774
972464
9717833
590519374
65644085
771469348
835481949
318080887
846512581
953966172
144437851
743282431
317989567
359199588
653801775
855371398
552123074
685232424
381754208
540613995
895595226
472771775
336498512
391527470
32570978
147033318
27320702
828873625
738397631
188434673
177373949
445911498
617418641
145308744
642583849
5119345
211528124
279662425
399537123
638640860
31510763
150841908
23481526
990416196
156903512
356688652
25962854
180267455
180844344
823494314
340799498
343863999
829551823
859806469
711010777
773260756
339771931
462076899
905913800
468040893
138625749
81301470
574894664
771628578
305248222
247939338
49576147
72420489
376199828
628461834
62349577
637603473
442775882
959959940
107610103
242242728
997556289
864983234
14633460
50257633
698746763
610925251
850273042
991790814
510485741
361387499
373230315
543498184
784940558
204468644
163809213
215659775
925431957
398700361
454633485
934220186
476164481
156213960
620015409
880955883
496892208
928659387
995368967
72310731
199988701
355652859
418815103
317344331
548833823
903240318
581827455
163416605
396423145
30052230
163941297
51330133
110627940
724165000
172498538
550781788
995917962
678020394
411875480
766516362
609565370
542476908
304401695
76587569
643826881
210248114
429949820
565659941
649611633
170745973
730985320
895439997
233244132
577354276
690832121
196002681
410651304
289693636
207984958
977738482
88609287
650979662
117009942
734512118
372142365
285990166
517082936
300982660
759926528
723025419
173839448
104796156
410429040
249836633
782279020
258665786
298011808
188960189
515051870
203620345
901047704
727521143
271024560
767130092
810138928
375183031
948565897
994032146
247286928
563865203
92811654
641979760
943275847
161209098
690900988
846656345
111290911
245833757
925697634
153470099
296583673
58929665
690290332
572447950
693339004
31502428
963478353
785914501
796597770
658102294
495410309
482886268
589904914
560150523
887634117
720460858
248606492
888527667
67595329
69044424
896091146
596569791
827884543
496369763
569207552
637306946
822239271
882204905
647079528
458301914
616364220
376052673
568883294
299189990
592797769
267647321
680515618
660193375
575749770
271990946
527340291
42722565
393038067
267089866
86814162
718032377
337838014
716264408
973832092
681864862
342928007
934894987
303551271
204993266
503043223
554640676
758906035
951767762
358061933
111491228
175828272
310420898
296581886
482270323
697147447
841259765
128030584
938476359
670928455
959415826
884493004
518210187
176421192
517936149
392659960
437711026
456849319
584449024
145085553
657078234
278366650
362974130
731760447
157367941
984535560
502430490
641093896
885449594
605540771
865686006
499368646
321980690
364471234
587945172
925834836
424041394
274821000
338666805
721582886
372515783
179305755
384354376
799362032
807240848
225018785
377754766
592476603
663250241
82384940
386310707
681545614
324393225
3751487
291261764
897082054
300469577
475114117
158458740
619684175
529455757
407397071
779948750
234793693
303259427
177874117
757554677
324732165
839194666
25498754
352628317
825713071
711582813
434873401
457061992
254527029
199983686
854153182
822688842
910987763
19280877
219940676
381637076
906288067
461255221
240776419
856911861
936889392
499954344
675777753
687926030
500707791
320570056
212328659
579882929
936338468
737235960
266552259
133966974
450205956
681260849
345543671
267962080
89204512
599405267
729580924
108045456
318396311
809040848
305777913
100152536
270517683
880216274
506603896
943911956
426214268
89924867
755330881
728743190
833686773
413641480
598485867
60197914
478190885
204834126
938152183
928921091
998487747
70355713
282365031
239762634
516222860
437234723
367963536
793514404
307099840
764463980
636733969
858344365
522483946
484558337
767986088
795952084
199424374
880544687
683084100
42870059
358146535
989023122
362019567
636567497
245811465
439843254
119245459
663321119
393473130
844783165
895050675
608433678
816177398
711090234
156334206
391388248
680366868
913407500
93360265
579166177
223026515
21118042
890972056
756214178
345991288
14820256
993542546
500717375
282737781
293084533
210101058
650248368
272576291
885003753
717202739
180984467
269016677
481657586
797136962
23564811
385114375
79084715
332891298
26004094
308541917
17658062
780834728
219937459
774088966
728120875
978611277
737936558
394444331
93416701
887059946
521002026
131142940
22044840
740879166
951114177
524649914
137626371
752044214
316211790
200522972
712995853
848072717
227676267
770778831
530019843
156406326
351764993
346018146
363859157
303999032
478660310
378304742
236152845
721577040
130599769
480534036
825243496
778706513
550998801
110312979
773316200
793116604
455148641
175175178
880393060
129972126
395825910
658761845
76481820
131985022
848395137
206521944
147573352
654759709
13015251
718882704
27539705
832703297
269086606
338622597
71171169
663402857
427236678
618006324
43680668
241195659
142367552
862643809
974649339
909414811
599839675
836945900
249947554
915519713
502293902
485055345
433458246
940216738
252900887
982119427
573859622
128768167
446479675
231899611
902592482
877141674
124325172
39375888
194564386
377187313
244179612
208009286
851244547
666567281
36886697
690977772
650706484
606633847
276531726
878064058
360671964
721152160
22928608
540895079
849858013
335243000
859347707
281961503
427852747
435198974
869334453
165934991
29095616
372100766
906801939
338126307
815024862
16150230
69866696
919339867
275692206
155016736
318103471
626221312
700665842
892844224
933183045
28571474
727380369
789548188
572499303
684794345
588492792
78905257
12700832
606593459
619855574
990673423
169716153
145266384
112943029
340298241
172145505
261651944
844124233
934342379
930086359
354021970
516322200
458672767
614535229
251512625
146864298
521989351
950281640
859428222
224973863
540547798
487591146
664332039
885613664
44524419
391875495
227433000
734458334
731901939
242918913
323867639
56256420
42304852
558855737
339807650
323030239
606007740
318097809
713296437
756168174
71404921
161028580
634687109
493374706
62212408
128566968
141488537
382550482
711912695
427958699
604745901
781747774
504519833
529519168
297254528
500947216
993122862
168465208
36478795
126872470
826599850
133410337
815495261
507486752
676137315
565879495
961679992
412783161
870237068
804949218
17726347
268844437
839920846
11562147
150324750
958909869
287455389
672357479
996202335
340329566
796359257
491447388
25792751
105708783
394825872
814822259
212808836
294605138
336657579
776689870
552023019
462947814
322870131
399476428
57629388
419164359
855454321
622911453
79326262
806069570
644201692
647883201
177593599
15683211
737627918
13918524
265200048
224528752
559965851
198514275
671284799
330425310
82618664
242324342
807003635
924425441
674314362
433126561
501342126
462249795
75131339
89814135
273483461
813969921
595471079
450630230
310456194
671660865
119505337
797235975
735126384
302814476
862831278
921096326
299886302
698009775
165625530
268738047
612450537